8	(3355,1.0000000000000002)
8	(10835,1.0)
28	(1202,1.0000000000000002)
28	(9798,1.0)
43	(2931,1.0000000000000002)
43	(14255,1.0)
48	(8107,1.0000000000000002)
48	(16916,1.0)
61	(16572,1.0000000000000002)
61	(6408,1.0)
64	(8428,1.0000000000000002)
64	(4432,1.0)
66	(3613,1.0000000000000002)
66	(3418,1.0)
92	(6389,1.0000000000000002)
92	(5970,1.0)
96	(3170,1.0000000000000002)
96	(2375,1.0)
111	(16707,1.0000000000000002)
111	(8851,1.0)
122	(8107,1.0000000000000002)
122	(15568,1.0)
123	(8851,1.0000000000000002)
123	(12432,1.0)
127	(4640,1.0000000000000002)
127	(14552,1.0)
140	(1482,1.0000000000000002)
140	(12243,1.0)
145	(3290,1.0000000000000002)
145	(6466,1.0)
154	(3290,1.0000000000000002)
154	(15712,1.0)
156	(2430,1.0000000000000002)
156	(9681,1.0)
174	(4943,1.0000000000000002)
174	(14372,1.0)
185	(11080,1.0000000000000002)
185	(16761,1.0)
192	(5814,1.0000000000000002)
192	(5748,1.0)
207	(12232,1.0000000000000002)
207	(4546,1.0)
214	(13107,1.0000000000000002)
214	(3590,1.0)
218	(11376,1.0000000000000002)
218	(14137,1.0)
222	(16286,1.0000000000000002)
222	(9481,1.0)
229	(13887,1.0000000000000002)
229	(5813,1.0)
237	(14216,1.0000000000000002)
237	(4640,1.0)
259	(3151,1.0000000000000002)
259	(9798,1.0)
267	(4876,1.0000000000000002)
267	(12293,1.0)
276	(2460,1.0000000000000002)
276	(17558,1.0)
287	(6748,1.0000000000000002)
287	(7801,1.0)
305	(11638,1.0000000000000002)
305	(6408,1.0)
318	(14716,1.0000000000000002)
318	(12683,1.0)
323	(1983,1.0000000000000002)
323	(1853,1.0)
336	(2043,1.0000000000000002)
336	(10835,1.0)
359	(8678,1.0000000000000002)
359	(3274,1.0)
361	(16707,1.0000000000000002)
361	(3538,1.0)
380	(13519,1.0000000000000002)
380	(4023,1.0)
395	(12355,1.0000000000000002)
395	(15532,1.0)
398	(11839,1.0000000000000002)
398	(1851,1.0)
409	(4432,1.0000000000000002)
409	(16082,1.0)
417	(11775,1.0000000000000002)
417	(10237,1.0)
440	(4761,1.0000000000000002)
440	(16349,1.0)
442	(8699,1.0000000000000002)
442	(2660,1.0)
443	(15582,1.0000000000000002)
443	(5069,1.0)
450	(15582,1.0000000000000002)
450	(8596,1.0)
452	(6408,1.0000000000000002)
452	(3538,1.0)
481	(12497,1.0000000000000002)
481	(1289,1.0)
507	(2905,1.0000000000000002)
507	(3094,1.0)
510	(12695,1.0000000000000002)
510	(11673,1.0)
518	(12246,1.0000000000000002)
518	(3538,1.0)
541	(12170,1.0000000000000002)
541	(14234,1.0)
543	(15234,1.0000000000000002)
543	(16169,1.0)
557	(2931,1.0000000000000002)
557	(10100,1.0)
566	(5656,1.0000000000000002)
566	(1256,1.0)
577	(15228,1.0000000000000002)
577	(6911,1.0)
578	(16169,1.0000000000000002)
578	(3355,1.0)
583	(1853,1.0000000000000002)
583	(11259,1.0)
594	(9717,1.0000000000000002)
594	(7406,1.0)
595	(3638,1.0000000000000002)
595	(14185,1.0)
606	(6971,1.0000000000000002)
606	(10774,1.0)
626	(5943,1.0000000000000002)
626	(8781,1.0)
634	(17324,1.0000000000000002)
634	(3862,1.0)
636	(14137,1.0000000000000002)
636	(3824,1.0)
638	(5814,1.0000000000000002)
638	(14712,1.0)
642	(1983,1.0000000000000002)
642	(14248,1.0)
647	(6482,1.0000000000000002)
647	(8512,1.0)
655	(3165,1.0000000000000002)
655	(8017,1.0)
666	(6911,1.0000000000000002)
666	(16252,1.0)
669	(6965,1.0000000000000002)
669	(5827,1.0)
681	(3290,1.0000000000000002)
681	(15741,1.0)
712	(14335,1.0000000000000002)
712	(13853,1.0)
718	(9043,1.0000000000000002)
718	(13614,1.0)
722	(3824,1.0000000000000002)
722	(15532,1.0)
723	(14484,1.0000000000000002)
723	(4761,1.0)
725	(1092,1.0000000000000002)
725	(11775,1.0)
735	(6971,1.0000000000000002)
735	(12760,1.0)
740	(12497,1.0000000000000002)
740	(13489,1.0)
761	(15234,1.0000000000000002)
761	(4943,1.0)
779	(3903,1.0000000000000002)
779	(4432,1.0)
790	(16869,1.0000000000000002)
790	(2931,1.0)
795	(2913,1.0000000000000002)
795	(1557,1.0)
797	(11197,1.0000000000000002)
797	(8915,1.0)
813	(15223,1.0000000000000002)
813	(2430,1.0)
815	(12798,1.0000000000000002)
815	(3862,1.0)
816	(6190,1.0000000000000002)
816	(851,1.0)
826	(6338,1.0000000000000002)
826	(1432,1.0)
827	(6338,1.0000000000000002)
827	(10662,1.0)
834	(2168,1.0000000000000002)
834	(13636,1.0)
844	(1367,1.0000000000000002)
844	(12010,1.0)
849	(10662,1.0000000000000002)
849	(8260,1.0)
850	(13298,1.0000000000000002)
850	(7812,1.0)
851	(15449,1.0000000000000002)
851	(13614,1.0)
852	(14072,1.0000000000000002)
852	(11496,1.0)
855	(3824,1.0000000000000002)
855	(7408,1.0)
865	(9824,1.0000000000000002)
865	(7458,1.0)
878	(5640,1.0000000000000002)
878	(6743,1.0)
885	(10194,1.0000000000000002)
885	(4189,1.0)
888	(5069,1.0000000000000002)
888	(11236,1.0)
907	(8915,1.0000000000000002)
907	(13636,1.0)
909	(3890,1.0000000000000002)
909	(17334,1.0)
911	(13298,1.0000000000000002)
911	(4943,1.0)
916	(4432,1.0000000000000002)
916	(2251,1.0)
923	(4761,1.0000000000000002)
923	(15662,1.0)
930	(5656,1.0000000000000002)
930	(1425,1.0)
946	(4761,1.0000000000000002)
946	(2532,1.0)
949	(8051,1.0000000000000002)
949	(6172,1.0)
960	(14203,1.0000000000000002)
960	(14457,1.0)
992	(12170,1.0000000000000002)
992	(13614,1.0)
1007	(16629,1.0000000000000002)
1007	(7033,1.0)
1046	(9481,1.0000000000000002)
1046	(11837,1.0)
1048	(6914,1.0000000000000002)
1048	(7511,1.0)
1054	(2931,1.0000000000000002)
1054	(1898,1.0)
1059	(11317,1.0000000000000002)
1059	(5143,1.0)
1061	(3326,1.0000000000000002)
1061	(9528,1.0)
1076	(11107,1.0000000000000002)
1076	(2430,1.0)
1078	(16157,1.0000000000000002)
1078	(5327,1.0)
1091	(5641,1.0000000000000002)
1091	(11376,1.0)
1092	(16157,1.0000000000000002)
1092	(5760,1.0)
1100	(8915,1.0000000000000002)
1100	(14712,1.0)
1104	(11080,1.0000000000000002)
1104	(11025,1.0)
1122	(1289,1.0000000000000002)
1122	(15246,1.0)
1123	(3326,1.0000000000000002)
1123	(9087,1.0)
1134	(12875,1.0000000000000002)
1134	(2988,1.0)
1140	(2731,1.0000000000000002)
1140	(16948,1.0)
1146	(15816,1.0000000000000002)
1146	(13934,1.0)
1167	(10734,1.0000000000000002)
1167	(9421,1.0)
1188	(12355,1.0000000000000002)
1188	(5607,1.0)
1190	(9230,1.0000000000000002)
1190	(13565,1.0)
1192	(6287,1.0000000000000002)
1192	(16046,1.0)
1202	(9043,1.0000000000000002)
1202	(6912,1.0)
1205	(9617,1.0000000000000002)
1205	(11902,1.0)
1213	(5025,1.0000000000000002)
1213	(8677,1.0)
1252	(6281,1.0000000000000002)
1252	(4640,1.0)
1256	(14203,1.0000000000000002)
1256	(10662,1.0)
1260	(2243,1.0000000000000002)
1260	(11638,1.0)
1268	(2243,1.0000000000000002)
1268	(12232,1.0)
1289	(4064,1.0000000000000002)
1289	(1488,1.0)
1305	(1901,1.0000000000000002)
1305	(9681,1.0)
1313	(16262,1.0000000000000002)
1313	(12497,1.0)
1333	(5897,1.0000000000000002)
1333	(12497,1.0)
1340	(9043,1.0000000000000002)
1340	(1488,1.0)
1343	(3928,1.0000000000000002)
1343	(6971,1.0)
1356	(12355,1.0000000000000002)
1356	(12184,1.0)
1367	(3151,1.0000000000000002)
1367	(10774,1.0)
1388	(2083,1.0000000000000002)
1388	(14089,1.0)
1406	(3541,1.0000000000000002)
1406	(4849,1.0)
1407	(3541,1.0000000000000002)
1407	(12497,1.0)
1425	(3893,1.0000000000000002)
1425	(2808,1.0)
1430	(16286,1.0000000000000002)
1430	(10712,1.0)
1432	(11288,1.0000000000000002)
1432	(15816,1.0)
1444	(9518,1.0000000000000002)
1444	(16147,1.0)
1455	(15529,1.0000000000000002)
1455	(8915,1.0)
1464	(9130,1.0000000000000002)
1464	(9130,1.0)
1482	(15712,1.0000000000000002)
1482	(14712,1.0)
1484	(2794,1.0000000000000002)
1484	(12683,1.0)
1488	(2528,1.0000000000000002)
1488	(11673,1.0)
1500	(7511,1.0000000000000002)
1500	(10921,1.0)
1522	(2755,1.0000000000000002)
1522	(14144,1.0)
1523	(7418,1.0000000000000002)
1523	(7334,1.0)
1554	(16329,1.0000000000000002)
1554	(15816,1.0)
1557	(14203,1.0000000000000002)
1557	(14712,1.0)
1559	(10429,1.0000000000000002)
1559	(11837,1.0)
1564	(12795,1.0000000000000002)
1564	(3541,1.0)
1600	(2757,1.0000000000000002)
1600	(14552,1.0)
1609	(17324,1.0000000000000002)
1609	(10109,1.0)
1615	(15234,1.0000000000000002)
1615	(11673,1.0)
1629	(14185,1.0000000000000002)
1629	(10195,1.0)
1644	(12336,1.0000000000000002)
1644	(9744,1.0)
1668	(4849,1.0000000000000002)
1668	(3538,1.0)
1675	(8889,1.0000000000000002)
1675	(14320,1.0)
1731	(16982,1.0000000000000002)
1731	(16082,1.0)
1744	(14203,1.0000000000000002)
1744	(13636,1.0)
1757	(8051,1.0000000000000002)
1757	(9481,1.0)
1779	(13748,1.0000000000000002)
1779	(2366,1.0)
1803	(17104,1.0000000000000002)
1803	(16329,1.0)
1807	(14552,1.0000000000000002)
1807	(4268,1.0)
1825	(4496,1.0000000000000002)
1825	(12679,1.0)
1832	(3232,1.0000000000000002)
1832	(2518,1.0)
1841	(3232,1.0000000000000002)
1841	(5284,1.0)
1845	(16707,1.0000000000000002)
1845	(16082,1.0)
1848	(9517,1.0000000000000002)
1848	(14740,1.0)
1851	(14716,1.0000000000000002)
1851	(5814,1.0)
1853	(11951,1.0000000000000002)
1853	(3147,1.0)
1868	(7067,1.0000000000000002)
1868	(4761,1.0)
1884	(4432,1.0000000000000002)
1884	(7257,1.0)
1889	(5327,1.0000000000000002)
1889	(6424,1.0)
1893	(14459,1.0000000000000002)
1893	(7257,1.0)
1896	(3638,1.0000000000000002)
1896	(4064,1.0)
1898	(3638,1.0000000000000002)
1898	(3165,1.0)
1901	(3269,1.0000000000000002)
1901	(4761,1.0)
1903	(12170,1.0000000000000002)
1903	(2658,1.0)
1924	(12170,1.0000000000000002)
1924	(11613,1.0)
1944	(12170,1.0000000000000002)
1944	(8163,1.0)
1951	(12232,1.0000000000000002)
1951	(14198,1.0)
1952	(4849,1.0000000000000002)
1952	(17558,1.0)
1958	(4849,1.0000000000000002)
1958	(7016,1.0)
1966	(4849,1.0000000000000002)
1966	(3165,1.0)
1967	(6190,1.0000000000000002)
1967	(11025,1.0)
1983	(8849,1.0000000000000002)
1983	(4847,1.0)
1993	(8849,1.0000000000000002)
1993	(6912,1.0)
2014	(2313,1.0000000000000002)
2014	(14072,1.0)
2015	(15532,1.0000000000000002)
2015	(17196,1.0)
2028	(15576,1.0000000000000002)
2028	(9752,1.0)
2036	(8889,1.0000000000000002)
2036	(5025,1.0)
2039	(5069,1.0000000000000002)
2039	(6085,1.0)
2042	(4439,1.0000000000000002)
2042	(9481,1.0)
2043	(6285,1.0000000000000002)
2043	(8849,1.0)
2053	(8825,1.0000000000000002)
2053	(15816,1.0)
2058	(15496,1.0000000000000002)
2058	(15712,1.0)
2079	(15576,1.0000000000000002)
2079	(10025,1.0)
2083	(5943,1.0000000000000002)
2083	(3196,1.0)
2103	(9717,1.0000000000000002)
2103	(9946,1.0)
2104	(8526,1.0000000000000002)
2104	(3269,1.0)
2106	(5897,1.0000000000000002)
2106	(16157,1.0)
2110	(12336,1.0000000000000002)
2110	(8677,1.0)
2116	(12778,1.0000000000000002)
2116	(13519,1.0)
2130	(4640,1.0000000000000002)
2130	(2660,1.0)
2147	(14505,1.0000000000000002)
2147	(8851,1.0)
2160	(16153,1.0000000000000002)
2160	(3326,1.0)
2168	(12391,1.0000000000000002)
2168	(16889,1.0)
2193	(14716,1.0000000000000002)
2193	(10921,1.0)
2198	(6556,1.0000000000000002)
2198	(9717,1.0)
2212	(5970,1.0000000000000002)
2212	(9717,1.0)
2232	(5970,1.0000000000000002)
2232	(17104,1.0)
2235	(14209,1.0000000000000002)
2235	(5897,1.0)
2243	(2866,1.0000000000000002)
2243	(11888,1.0)
2251	(2660,1.0000000000000002)
2251	(10109,1.0)
2284	(16788,1.0000000000000002)
2284	(14380,1.0)
2290	(15246,1.0000000000000002)
2290	(8677,1.0)
2298	(6482,1.0000000000000002)
2298	(12682,1.0)
2313	(8384,1.0000000000000002)
2313	(15410,1.0)
2316	(16232,1.0000000000000002)
2316	(11835,1.0)
2342	(16707,1.0000000000000002)
2342	(2660,1.0)
2343	(16157,1.0000000000000002)
2343	(7247,1.0)
2344	(6872,1.0000000000000002)
2344	(5970,1.0)
2352	(12639,1.0000000000000002)
2352	(5651,1.0)
2355	(12125,1.0000000000000002)
2355	(15836,1.0)
2356	(12894,1.0000000000000002)
2356	(16889,1.0)
2366	(6395,1.0000000000000002)
2366	(3559,1.0)
2375	(11837,1.0000000000000002)
2375	(3638,1.0)
2418	(16948,1.0000000000000002)
2418	(8428,1.0)
2430	(11347,1.0000000000000002)
2430	(14189,1.0)
2432	(4359,1.0000000000000002)
2432	(12275,1.0)
2438	(12232,1.0000000000000002)
2438	(6131,1.0)
2460	(14203,1.0000000000000002)
2460	(14185,1.0)
2492	(12497,1.0000000000000002)
2492	(9689,1.0)
2503	(16790,1.0000000000000002)
2503	(10188,1.0)
2504	(15246,1.0000000000000002)
2504	(5760,1.0)
2506	(3538,1.0000000000000002)
2506	(12293,1.0)
2510	(2794,1.0000000000000002)
2510	(3584,1.0)
2512	(9131,1.0000000000000002)
2512	(17358,1.0)
2518	(4876,1.0000000000000002)
2518	(17574,1.0)
2528	(9681,1.0000000000000002)
2528	(14459,1.0)
2532	(9689,1.0000000000000002)
2532	(8896,1.0)
2544	(10926,1.0000000000000002)
2544	(10747,1.0)
2552	(12125,1.0000000000000002)
2552	(5027,1.0)
2560	(12125,1.0000000000000002)
2560	(10100,1.0)
2562	(17466,1.0000000000000002)
2562	(11673,1.0)
2565	(8052,1.0000000000000002)
2565	(11884,1.0)
2569	(16451,1.0000000000000002)
2569	(6482,1.0)
2597	(9717,1.0000000000000002)
2597	(2660,1.0)
2601	(6336,1.0000000000000002)
2601	(6190,1.0)
2604	(6336,1.0000000000000002)
2604	(14506,1.0)
2616	(12421,1.0000000000000002)
2616	(10104,1.0)
2621	(5369,1.0000000000000002)
2621	(14807,1.0)
2629	(13212,1.0000000000000002)
2629	(15582,1.0)
2640	(13853,1.0000000000000002)
2640	(14144,1.0)
2642	(14203,1.0000000000000002)
2642	(8051,1.0)
2643	(4849,1.0000000000000002)
2643	(16933,1.0)
2658	(5327,1.0000000000000002)
2658	(10561,1.0)
2659	(3824,1.0000000000000002)
2659	(6932,1.0)
2660	(3893,1.0000000000000002)
2660	(7067,1.0)
2666	(3538,1.0000000000000002)
2666	(4640,1.0)
2667	(3538,1.0000000000000002)
2667	(15516,1.0)
2675	(15808,1.0000000000000002)
2675	(14810,1.0)
2678	(4811,1.0000000000000002)
2678	(3824,1.0)
2682	(7991,1.0000000000000002)
2682	(11213,1.0)
2707	(12497,1.0000000000000002)
2707	(8029,1.0)
2715	(4432,1.0000000000000002)
2715	(3492,1.0)
2718	(4432,1.0000000000000002)
2718	(12824,1.0)
2731	(2955,1.0000000000000002)
2731	(6347,1.0)
2745	(3192,1.0000000000000002)
2745	(14361,1.0)
2749	(2905,1.0000000000000002)
2749	(2794,1.0)
2755	(12778,1.0000000000000002)
2755	(15582,1.0)
2756	(10428,1.0000000000000002)
2756	(17324,1.0)
2757	(16344,1.0000000000000002)
2757	(15582,1.0)
2773	(12189,1.0000000000000002)
2773	(5220,1.0)
2786	(8851,1.0000000000000002)
2786	(10774,1.0)
2789	(14154,1.0000000000000002)
2789	(5943,1.0)
2794	(5970,1.0000000000000002)
2794	(7518,1.0)
2807	(8781,1.0000000000000002)
2807	(15409,1.0)
2808	(3638,1.0000000000000002)
2808	(6408,1.0)
2818	(12778,1.0000000000000002)
2818	(11238,1.0)
2859	(7442,1.0000000000000002)
2859	(8915,1.0)
2861	(5897,1.0000000000000002)
2861	(3670,1.0)
2866	(10522,1.0000000000000002)
2866	(3587,1.0)
2886	(3824,1.0000000000000002)
2886	(13858,1.0)
2905	(16153,1.0000000000000002)
2905	(12661,1.0)
2909	(11651,1.0000000000000002)
2909	(8915,1.0)
2913	(16948,1.0000000000000002)
2913	(13964,1.0)
2918	(14203,1.0000000000000002)
2918	(5607,1.0)
2925	(15842,1.0000000000000002)
2925	(6912,1.0)
2928	(6291,1.0000000000000002)
2928	(10846,1.0)
2931	(12855,1.0000000000000002)
2931	(10921,1.0)
2939	(4849,1.0000000000000002)
2939	(6287,1.0)
2954	(3613,1.0000000000000002)
2954	(11025,1.0)
2955	(8677,1.0000000000000002)
2955	(6482,1.0)
2969	(9617,1.0000000000000002)
2969	(3904,1.0)
2985	(11080,1.0000000000000002)
2985	(13298,1.0)
2988	(16707,1.0000000000000002)
2988	(10921,1.0)
2995	(6276,1.0000000000000002)
2995	(3647,1.0)
3022	(15510,1.0000000000000002)
3022	(9817,1.0)
3032	(12639,1.0000000000000002)
3032	(10080,1.0)
3033	(12639,1.0000000000000002)
3033	(6619,1.0)
3043	(15223,1.0000000000000002)
3043	(9237,1.0)
3044	(6276,1.0000000000000002)
3044	(7116,1.0)
3054	(15409,1.0000000000000002)
3054	(14137,1.0)
3057	(11812,1.0000000000000002)
3057	(11888,1.0)
3068	(4640,1.0000000000000002)
3068	(11888,1.0)
3069	(8889,1.0000000000000002)
3069	(13831,1.0)
3073	(13489,1.0000000000000002)
3073	(5799,1.0)
3084	(4640,1.0000000000000002)
3084	(16153,1.0)
3094	(9481,1.0000000000000002)
3094	(9550,1.0)
3107	(12497,1.0000000000000002)
3107	(5577,1.0)
3135	(15657,1.0000000000000002)
3135	(13651,1.0)
3143	(4563,1.0000000000000002)
3143	(4432,1.0)
3147	(17290,1.0000000000000002)
3147	(8121,1.0)
3149	(12243,1.0000000000000002)
3149	(6901,1.0)
3151	(7511,1.0000000000000002)
3151	(12497,1.0)
3164	(6103,1.0000000000000002)
3164	(6971,1.0)
3165	(14072,1.0000000000000002)
3165	(7145,1.0)
3170	(4902,1.0000000000000002)
3170	(6408,1.0)
3176	(16082,1.0000000000000002)
3176	(3232,1.0)
3189	(16082,1.0000000000000002)
3189	(4432,1.0)
3192	(16169,1.0000000000000002)
3192	(11673,1.0)
3196	(14203,1.0000000000000002)
3196	(9617,1.0)
3200	(16286,1.0000000000000002)
3200	(15496,1.0)
3201	(16685,1.0000000000000002)
3201	(16948,1.0)
3220	(10429,1.0000000000000002)
3220	(14209,1.0)
3229	(11673,1.0000000000000002)
3229	(7991,1.0)
3232	(12336,1.0000000000000002)
3232	(13614,1.0)
3237	(13298,1.0000000000000002)
3237	(8915,1.0)
3243	(15464,1.0000000000000002)
3243	(11732,1.0)
3253	(8493,1.0000000000000002)
3253	(6110,1.0)
3257	(9528,1.0000000000000002)
3257	(10947,1.0)
3269	(11317,1.0000000000000002)
3269	(12170,1.0)
3271	(14185,1.0000000000000002)
3271	(11965,1.0)
3274	(4586,1.0000000000000002)
3274	(13748,1.0)
3281	(11442,1.0000000000000002)
3281	(4432,1.0)
3285	(8107,1.0000000000000002)
3285	(15160,1.0)
3290	(12391,1.0000000000000002)
3290	(7763,1.0)
3298	(12391,1.0000000000000002)
3298	(16150,1.0)
3301	(17574,1.0000000000000002)
3301	(10692,1.0)
3316	(11182,1.0000000000000002)
3316	(8512,1.0)
3326	(12243,1.0000000000000002)
3326	(17558,1.0)
3329	(17232,1.0000000000000002)
3329	(15547,1.0)
3330	(3541,1.0000000000000002)
3330	(5327,1.0)
3351	(16342,1.0000000000000002)
3351	(13212,1.0)
3355	(3538,1.0000000000000002)
3355	(7511,1.0)
3359	(8889,1.0000000000000002)
3359	(7406,1.0)
3418	(16948,1.0000000000000002)
3418	(12293,1.0)
3440	(11307,1.0000000000000002)
3440	(15378,1.0)
3486	(10947,1.0000000000000002)
3486	(15183,1.0)
3492	(10255,1.0000000000000002)
3492	(13451,1.0)
3498	(8260,1.0000000000000002)
3498	(16970,1.0)
3538	(13651,1.0000000000000002)
3538	(9517,1.0)
3541	(5656,1.0000000000000002)
3541	(11496,1.0)
3546	(5367,1.0000000000000002)
3546	(5727,1.0)
3559	(12010,1.0000000000000002)
3559	(9728,1.0)
3568	(3740,1.0000000000000002)
3568	(15496,1.0)
3584	(8781,1.0000000000000002)
3584	(9237,1.0)
3586	(11048,1.0000000000000002)
3586	(14407,1.0)
3587	(13298,1.0000000000000002)
3587	(5474,1.0)
3590	(14072,1.0000000000000002)
3590	(12778,1.0)
3598	(3914,1.0000000000000002)
3598	(11908,1.0)
3613	(6523,1.0000000000000002)
3613	(9617,1.0)
3638	(6014,1.0000000000000002)
3638	(7067,1.0)
3647	(3740,1.0000000000000002)
3647	(15213,1.0)
3652	(7516,1.0000000000000002)
3652	(17203,1.0)
3655	(4563,1.0000000000000002)
3655	(15532,1.0)
3658	(7511,1.0000000000000002)
3658	(16232,1.0)
3670	(13651,1.0000000000000002)
3670	(15272,1.0)
3685	(14203,1.0000000000000002)
3685	(9422,1.0)
3702	(15276,1.0000000000000002)
3702	(4574,1.0)
3705	(15201,1.0000000000000002)
3705	(12661,1.0)
3706	(7776,1.0000000000000002)
3706	(17196,1.0)
3722	(12503,1.0000000000000002)
3722	(9550,1.0)
3727	(8677,1.0000000000000002)
3727	(10712,1.0)
3733	(5025,1.0000000000000002)
3733	(6336,1.0)
3734	(17558,1.0000000000000002)
3734	(11376,1.0)
3740	(6315,1.0000000000000002)
3740	(8596,1.0)
3742	(10576,1.0000000000000002)
3742	(6281,1.0)
3743	(14317,1.0000000000000002)
3743	(14317,1.0)
3760	(12497,1.0000000000000002)
3760	(12275,1.0)
3824	(12355,1.0000000000000002)
3824	(16707,1.0)
3848	(12355,1.0000000000000002)
3848	(10686,1.0)
3861	(5941,1.0000000000000002)
3861	(14407,1.0)
3862	(9617,1.0000000000000002)
3862	(16153,1.0)
3874	(15582,1.0000000000000002)
3874	(10391,1.0)
3878	(11837,1.0000000000000002)
3878	(9945,1.0)
3881	(8977,1.0000000000000002)
3881	(4218,1.0)
3889	(14459,1.0000000000000002)
3889	(5069,1.0)
3890	(3978,1.0000000000000002)
3890	(16188,1.0)
3891	(13360,1.0000000000000002)
3891	(16018,1.0)
3893	(8428,1.0000000000000002)
3893	(8162,1.0)
3903	(16948,1.0000000000000002)
3903	(11613,1.0)
3904	(6611,1.0000000000000002)
3904	(11613,1.0)
3914	(8495,1.0000000000000002)
3914	(10959,1.0)
3928	(4849,1.0000000000000002)
3928	(4064,1.0)
3941	(11213,1.0000000000000002)
3941	(10104,1.0)
3943	(16606,1.0000000000000002)
3943	(15033,1.0)
3944	(11651,1.0000000000000002)
3944	(6287,1.0)
3955	(9481,1.0000000000000002)
3955	(6911,1.0)
3977	(14459,1.0000000000000002)
3977	(16162,1.0)
3978	(14216,1.0000000000000002)
3978	(4901,1.0)
3994	(7067,1.0000000000000002)
3994	(11673,1.0)
4002	(11048,1.0000000000000002)
4002	(13651,1.0)
4005	(12243,1.0000000000000002)
4005	(17174,1.0)
4008	(8677,1.0000000000000002)
4008	(4432,1.0)
4023	(11837,1.0000000000000002)
4023	(11887,1.0)
4032	(13519,1.0000000000000002)
4032	(6347,1.0)
4042	(15955,1.0000000000000002)
4042	(17324,1.0)
4049	(8128,1.0000000000000002)
4049	(8915,1.0)
4061	(16685,1.0000000000000002)
4061	(5941,1.0)
4064	(7968,1.0000000000000002)
4064	(5607,1.0)
4076	(6611,1.0000000000000002)
4076	(9650,1.0)
4095	(13451,1.0000000000000002)
4095	(5556,1.0)
4119	(11902,1.0000000000000002)
4119	(11888,1.0)
4122	(16286,1.0000000000000002)
4122	(14258,1.0)
4128	(7721,1.0000000000000002)
4128	(16157,1.0)
4129	(15532,1.0000000000000002)
4129	(13110,1.0)
4144	(8512,1.0000000000000002)
4144	(11638,1.0)
4152	(9632,1.0000000000000002)
4152	(4441,1.0)
4160	(11376,1.0000000000000002)
4160	(6756,1.0)
4189	(5025,1.0000000000000002)
4189	(17074,1.0)
4190	(5025,1.0000000000000002)
4190	(14712,1.0)
4207	(11412,1.0000000000000002)
4207	(14983,1.0)
4215	(16788,1.0000000000000002)
4215	(6911,1.0)
4218	(10774,1.0000000000000002)
4218	(6871,1.0)
4224	(8677,1.0000000000000002)
4224	(16606,1.0)
4238	(6400,1.0000000000000002)
4238	(16349,1.0)
4239	(10284,1.0000000000000002)
4239	(4546,1.0)
4257	(13015,1.0000000000000002)
4257	(14440,1.0)
4264	(8128,1.0000000000000002)
4264	(4932,1.0)
4268	(11732,1.0000000000000002)
4268	(14203,1.0)
4272	(8085,1.0000000000000002)
4272	(15246,1.0)
4283	(17558,1.0000000000000002)
4283	(12184,1.0)
4299	(13489,1.0000000000000002)
4299	(16707,1.0)
4329	(14335,1.0000000000000002)
4329	(12894,1.0)
4346	(15516,1.0000000000000002)
4346	(12246,1.0)
4359	(14738,1.0000000000000002)
4359	(16707,1.0)
4385	(8512,1.0000000000000002)
4385	(7406,1.0)
4394	(9518,1.0000000000000002)
4394	(16262,1.0)
4405	(13964,1.0000000000000002)
4405	(10428,1.0)
4429	(17654,1.0000000000000002)
4429	(14505,1.0)
4432	(10926,1.0000000000000002)
4432	(16572,1.0)
4439	(5426,1.0000000000000002)
4439	(17104,1.0)
4441	(16970,1.0000000000000002)
4441	(15409,1.0)
4445	(16410,1.0000000000000002)
4445	(16042,1.0)
4468	(14335,1.0000000000000002)
4468	(7445,1.0)
4485	(7511,1.0000000000000002)
4485	(4849,1.0)
4496	(10921,1.0000000000000002)
4496	(11888,1.0)
4513	(6467,1.0000000000000002)
4513	(15855,1.0)
4518	(6285,1.0000000000000002)
4518	(5727,1.0)
4538	(6611,1.0000000000000002)
4538	(14484,1.0)
4544	(16286,1.0000000000000002)
4544	(12391,1.0)
4546	(7763,1.0000000000000002)
4546	(5327,1.0)
4552	(13298,1.0000000000000002)
4552	(17085,1.0)
4556	(5367,1.0000000000000002)
4556	(12661,1.0)
4563	(5897,1.0000000000000002)
4563	(8781,1.0)
4566	(8560,1.0000000000000002)
4566	(9728,1.0)
4569	(14209,1.0000000000000002)
4569	(13519,1.0)
4574	(4761,1.0000000000000002)
4574	(8488,1.0)
4586	(9256,1.0000000000000002)
4586	(15409,1.0)
4613	(9256,1.0000000000000002)
4613	(16344,1.0)
4619	(9256,1.0000000000000002)
4619	(7136,1.0)
4627	(6482,1.0000000000000002)
4627	(14096,1.0)
4637	(6482,1.0000000000000002)
4637	(15610,1.0)
4640	(12336,1.0000000000000002)
4640	(15409,1.0)
4645	(7801,1.0000000000000002)
4645	(7406,1.0)
4647	(14185,1.0000000000000002)
4647	(6482,1.0)
4685	(10100,1.0000000000000002)
4685	(16286,1.0)
4694	(10100,1.0000000000000002)
4694	(6756,1.0)
4737	(5814,1.0000000000000002)
4737	(13363,1.0)
4742	(8889,1.0000000000000002)
4742	(9728,1.0)
4750	(12273,1.0000000000000002)
4750	(12679,1.0)
4761	(5327,1.0000000000000002)
4761	(16232,1.0)
4768	(7991,1.0000000000000002)
4768	(14459,1.0)
4811	(11027,1.0000000000000002)
4811	(10561,1.0)
4837	(13531,1.0000000000000002)
4837	(5814,1.0)
4840	(10255,1.0000000000000002)
4840	(13107,1.0)
4847	(10836,1.0000000000000002)
4847	(11182,1.0)
4849	(6334,1.0000000000000002)
4849	(11638,1.0)
4852	(13787,1.0000000000000002)
4852	(9689,1.0)
4858	(5129,1.0000000000000002)
4858	(5963,1.0)
4868	(12894,1.0000000000000002)
4868	(15449,1.0)
4875	(12894,1.0000000000000002)
4875	(6482,1.0)
4876	(10721,1.0000000000000002)
4876	(10080,1.0)
4880	(10429,1.0000000000000002)
4880	(9717,1.0)
4901	(7991,1.0000000000000002)
4901	(5656,1.0)
4902	(15662,1.0000000000000002)
4902	(10428,1.0)
4918	(5206,1.0000000000000002)
4918	(13565,1.0)
4921	(14459,1.0000000000000002)
4921	(12280,1.0)
4932	(14209,1.0000000000000002)
4932	(13326,1.0)
4935	(12778,1.0000000000000002)
4935	(5607,1.0)
4943	(5327,1.0000000000000002)
4943	(15632,1.0)
4952	(16788,1.0000000000000002)
4952	(13787,1.0)
4963	(6467,1.0000000000000002)
4963	(16283,1.0)
4966	(7517,1.0000000000000002)
4966	(12232,1.0)
4981	(11812,1.0000000000000002)
4981	(5025,1.0)
4986	(11412,1.0000000000000002)
4986	(17304,1.0)
5008	(11412,1.0000000000000002)
5008	(6281,1.0)
5025	(13561,1.0000000000000002)
5025	(7511,1.0)
5026	(14096,1.0000000000000002)
5026	(8163,1.0)
5027	(12125,1.0000000000000002)
5027	(9728,1.0)
5062	(12125,1.0000000000000002)
5062	(8677,1.0)
5069	(10428,1.0000000000000002)
5069	(11638,1.0)
5096	(7991,1.0000000000000002)
5096	(10774,1.0)
5098	(7991,1.0000000000000002)
5098	(6215,1.0)
5123	(9517,1.0000000000000002)
5123	(16082,1.0)
5129	(15582,1.0000000000000002)
5129	(15592,1.0)
5131	(11837,1.0000000000000002)
5131	(6448,1.0)
5142	(5408,1.0000000000000002)
5142	(8007,1.0)
5143	(8766,1.0000000000000002)
5143	(6110,1.0)
5149	(7939,1.0000000000000002)
5149	(15592,1.0)
5157	(9728,1.0000000000000002)
5157	(5827,1.0)
5159	(7763,1.0000000000000002)
5159	(7511,1.0)
5160	(5814,1.0000000000000002)
5160	(14505,1.0)
5175	(5970,1.0000000000000002)
5175	(12778,1.0)
5206	(15568,1.0000000000000002)
5206	(13519,1.0)
5220	(13636,1.0000000000000002)
5220	(13651,1.0)
5225	(13636,1.0000000000000002)
5225	(13638,1.0)
5267	(9423,1.0000000000000002)
5267	(13242,1.0)
5272	(13328,1.0000000000000002)
5272	(13326,1.0)
5284	(6467,1.0000000000000002)
5284	(12627,1.0)
5294	(13927,1.0000000000000002)
5294	(9528,1.0)
5311	(8889,1.0000000000000002)
5311	(15911,1.0)
5326	(12230,1.0000000000000002)
5326	(9131,1.0)
5327	(14716,1.0000000000000002)
5327	(13328,1.0)
5336	(16948,1.0000000000000002)
5336	(13748,1.0)
5337	(16948,1.0000000000000002)
5337	(5727,1.0)
5342	(13489,1.0000000000000002)
5342	(6347,1.0)
5361	(11182,1.0000000000000002)
5361	(10734,1.0)
5364	(11182,1.0000000000000002)
5364	(14347,1.0)
5367	(5651,1.0000000000000002)
5367	(12243,1.0)
5369	(14484,1.0000000000000002)
5369	(6481,1.0)
5408	(14484,1.0000000000000002)
5408	(16663,1.0)
5425	(13298,1.0000000000000002)
5425	(15223,1.0)
5426	(5727,1.0000000000000002)
5426	(12538,1.0)
5465	(14457,1.0000000000000002)
5465	(6971,1.0)
5474	(8825,1.0000000000000002)
5474	(8428,1.0)
5484	(11613,1.0000000000000002)
5484	(8896,1.0)
5485	(5943,1.0000000000000002)
5485	(5958,1.0)
5552	(17290,1.0000000000000002)
5552	(11436,1.0)
5556	(10889,1.0000000000000002)
5556	(5814,1.0)
5562	(9481,1.0000000000000002)
5562	(6281,1.0)
5568	(16082,1.0000000000000002)
5568	(8051,1.0)
5577	(15409,1.0000000000000002)
5577	(15475,1.0)
5604	(8384,1.0000000000000002)
5604	(11340,1.0)
5607	(12623,1.0000000000000002)
5607	(9237,1.0)
5623	(17104,1.0000000000000002)
5623	(16869,1.0)
5640	(9798,1.0000000000000002)
5640	(6287,1.0)
5641	(9798,1.0000000000000002)
5641	(16344,1.0)
5651	(13887,1.0000000000000002)
5651	(5814,1.0)
5656	(11259,1.0000000000000002)
5656	(10255,1.0)
5699	(10428,1.0000000000000002)
5699	(6911,1.0)
5700	(15836,1.0000000000000002)
5700	(11340,1.0)
5716	(15662,1.0000000000000002)
5716	(6523,1.0)
5727	(8851,1.0000000000000002)
5727	(6911,1.0)
5729	(8851,1.0000000000000002)
5729	(10429,1.0)
5748	(16396,1.0000000000000002)
5748	(8596,1.0)
5760	(15816,1.0000000000000002)
5760	(6556,1.0)
5766	(8384,1.0000000000000002)
5766	(11638,1.0)
5785	(15378,1.0000000000000002)
5785	(7524,1.0)
5790	(10237,1.0000000000000002)
5790	(6971,1.0)
5799	(5883,1.0000000000000002)
5799	(7763,1.0)
5813	(16685,1.0000000000000002)
5813	(12275,1.0)
5814	(11673,1.0000000000000002)
5814	(14808,1.0)
5827	(17174,1.0000000000000002)
5827	(6093,1.0)
5835	(14335,1.0000000000000002)
5835	(8085,1.0)
5849	(8889,1.0000000000000002)
5849	(16629,1.0)
5877	(9043,1.0000000000000002)
5877	(14648,1.0)
5883	(16410,1.0000000000000002)
5883	(12298,1.0)
5897	(13298,1.0000000000000002)
5897	(11812,1.0)
5898	(6680,1.0000000000000002)
5898	(13748,1.0)
5901	(16685,1.0000000000000002)
5901	(10921,1.0)
5911	(6281,1.0000000000000002)
5911	(9875,1.0)
5921	(6281,1.0000000000000002)
5921	(14185,1.0)
5941	(13614,1.0000000000000002)
5941	(9697,1.0)
5943	(14185,1.0000000000000002)
5943	(6971,1.0)
5945	(14712,1.0000000000000002)
5945	(10947,1.0)
5958	(10100,1.0000000000000002)
5958	(8915,1.0)
5963	(10889,1.0000000000000002)
5963	(14505,1.0)
5966	(16996,1.0000000000000002)
5966	(14136,1.0)
5970	(7931,1.0000000000000002)
5970	(11442,1.0)
5979	(11408,1.0000000000000002)
5979	(11689,1.0)
6013	(10947,1.0000000000000002)
6013	(10429,1.0)
6014	(6287,1.0000000000000002)
6014	(11732,1.0)
6066	(17574,1.0000000000000002)
6066	(7903,1.0)
6069	(11616,1.0000000000000002)
6069	(12413,1.0)
6085	(6287,1.0000000000000002)
6085	(15657,1.0)
6086	(13964,1.0000000000000002)
6086	(6467,1.0)
6093	(10774,1.0000000000000002)
6093	(10903,1.0)
6103	(15955,1.0000000000000002)
6103	(9728,1.0)
6110	(7511,1.0000000000000002)
6110	(6756,1.0)
6121	(14429,1.0000000000000002)
6121	(16162,1.0)
6131	(14137,1.0000000000000002)
6131	(6911,1.0)
6136	(9650,1.0000000000000002)
6136	(15712,1.0)
6137	(16970,1.0000000000000002)
6137	(17324,1.0)
6140	(9689,1.0000000000000002)
6140	(10578,1.0)
6172	(15529,1.0000000000000002)
6172	(12280,1.0)
6177	(14199,1.0000000000000002)
6177	(10835,1.0)
6190	(12293,1.0000000000000002)
6190	(16707,1.0)
6200	(14859,1.0000000000000002)
6200	(12504,1.0)
6208	(14859,1.0000000000000002)
6208	(15529,1.0)
6215	(12497,1.0000000000000002)
6215	(13636,1.0)
6220	(11376,1.0000000000000002)
6220	(13651,1.0)
6226	(14072,1.0000000000000002)
6226	(13477,1.0)
6228	(8915,1.0000000000000002)
6228	(12293,1.0)
6230	(16232,1.0000000000000002)
6230	(15820,1.0)
6234	(6482,1.0000000000000002)
6234	(12298,1.0)
6250	(9131,1.0000000000000002)
6250	(9256,1.0)
6252	(9131,1.0000000000000002)
6252	(16790,1.0)
6257	(11496,1.0000000000000002)
6257	(6975,1.0)
6260	(16685,1.0000000000000002)
6260	(16707,1.0)
6276	(7418,1.0000000000000002)
6276	(9528,1.0)
6277	(8933,1.0000000000000002)
6277	(14484,1.0)
6281	(16869,1.0000000000000002)
6281	(10846,1.0)
6285	(6523,1.0000000000000002)
6285	(12778,1.0)
6287	(15816,1.0000000000000002)
6287	(12243,1.0)
6289	(15816,1.0000000000000002)
6289	(6871,1.0)
6291	(14209,1.0000000000000002)
6291	(12246,1.0)
6308	(8825,1.0000000000000002)
6308	(15216,1.0)
6315	(11812,1.0000000000000002)
6315	(13477,1.0)
6318	(6965,1.0000000000000002)
6318	(10835,1.0)
6334	(17561,1.0000000000000002)
6334	(13748,1.0)
6336	(16344,1.0000000000000002)
6336	(16606,1.0)
6338	(11689,1.0000000000000002)
6338	(6872,1.0)
6347	(16150,1.0000000000000002)
6347	(8596,1.0)
6354	(13059,1.0000000000000002)
6354	(7517,1.0)
6356	(10921,1.0000000000000002)
6356	(16349,1.0)
6358	(13531,1.0000000000000002)
6358	(7903,1.0)
6363	(7334,1.0000000000000002)
6363	(6680,1.0)
6389	(11673,1.0000000000000002)
6389	(13614,1.0)
6390	(14459,1.0000000000000002)
6390	(15183,1.0)
6395	(12355,1.0000000000000002)
6395	(14347,1.0)
6400	(16788,1.0000000000000002)
6400	(16986,1.0)
6405	(7517,1.0000000000000002)
6405	(12280,1.0)
6406	(11887,1.0000000000000002)
6406	(11076,1.0)
6408	(16790,1.0000000000000002)
6408	(14716,1.0)
6417	(10255,1.0000000000000002)
6417	(12798,1.0)
6419	(13531,1.0000000000000002)
6419	(7517,1.0)
6424	(14203,1.0000000000000002)
6424	(7763,1.0)
6446	(15657,1.0000000000000002)
6446	(13853,1.0)
6448	(10429,1.0000000000000002)
6448	(16147,1.0)
6466	(11835,1.0000000000000002)
6466	(12243,1.0)
6467	(15378,1.0000000000000002)
6467	(17558,1.0)
6480	(15378,1.0000000000000002)
6480	(15808,1.0)
6481	(7262,1.0000000000000002)
6481	(9798,1.0)
6482	(10921,1.0000000000000002)
6482	(11442,1.0)
6522	(10921,1.0000000000000002)
6522	(17624,1.0)
6523	(16147,1.0000000000000002)
6523	(7511,1.0)
6529	(16788,1.0000000000000002)
6529	(10733,1.0)
6536	(17196,1.0000000000000002)
6536	(12538,1.0)
6537	(17196,1.0000000000000002)
6537	(16188,1.0)
6541	(11245,1.0000000000000002)
6541	(10734,1.0)
6543	(10733,1.0000000000000002)
6543	(15547,1.0)
6550	(15836,1.0000000000000002)
6550	(16889,1.0)
6556	(16329,1.0000000000000002)
6556	(15712,1.0)
6562	(12232,1.0000000000000002)
6562	(10428,1.0)
6566	(12280,1.0000000000000002)
6566	(16082,1.0)
6567	(17536,1.0000000000000002)
6567	(12661,1.0)
6593	(11690,1.0000000000000002)
6593	(9481,1.0)
6611	(16572,1.0000000000000002)
6611	(10947,1.0)
6619	(7544,1.0000000000000002)
6619	(11088,1.0)
6629	(14272,1.0000000000000002)
6629	(17534,1.0)
6650	(11340,1.0000000000000002)
6650	(9199,1.0)
6663	(16082,1.0000000000000002)
6663	(10712,1.0)
6666	(10836,1.0000000000000002)
6666	(12778,1.0)
6668	(15582,1.0000000000000002)
6668	(9422,1.0)
6678	(15582,1.0000000000000002)
6678	(12355,1.0)
6680	(15582,1.0000000000000002)
6680	(8249,1.0)
6714	(8851,1.0000000000000002)
6714	(8851,1.0)
6737	(14407,1.0000000000000002)
6737	(15183,1.0)
6743	(14279,1.0000000000000002)
6743	(10712,1.0)
6748	(15532,1.0000000000000002)
6748	(11034,1.0)
6756	(9612,1.0000000000000002)
6756	(15662,1.0)
6830	(14807,1.0000000000000002)
6830	(9528,1.0)
6839	(7747,1.0000000000000002)
6839	(15532,1.0)
6871	(17337,1.0000000000000002)
6871	(8594,1.0)
6872	(13451,1.0000000000000002)
6872	(7577,1.0)
6885	(14712,1.0000000000000002)
6885	(14203,1.0)
6889	(7968,1.0000000000000002)
6889	(13235,1.0)
6892	(9728,1.0000000000000002)
6892	(11829,1.0)
6894	(10757,1.0000000000000002)
6894	(14810,1.0)
6901	(9805,1.0000000000000002)
6901	(16869,1.0)
6911	(7812,1.0000000000000002)
6911	(12391,1.0)
6912	(13638,1.0000000000000002)
6912	(13614,1.0)
6914	(16349,1.0000000000000002)
6914	(16788,1.0)
6917	(10034,1.0000000000000002)
6917	(11812,1.0)
6919	(7544,1.0000000000000002)
6919	(10349,1.0)
6932	(14484,1.0000000000000002)
6932	(16283,1.0)
6939	(11824,1.0000000000000002)
6939	(17536,1.0)
6946	(7147,1.0000000000000002)
6946	(16545,1.0)
6965	(17196,1.0000000000000002)
6965	(7991,1.0)
6971	(7763,1.0000000000000002)
6971	(13015,1.0)
6975	(11884,1.0000000000000002)
6975	(7299,1.0)
6979	(9617,1.0000000000000002)
6979	(14505,1.0)
6985	(16685,1.0000000000000002)
6985	(9989,1.0)
6988	(16150,1.0000000000000002)
6988	(8915,1.0)
6991	(16150,1.0000000000000002)
6991	(11295,1.0)
6998	(14203,1.0000000000000002)
6998	(10836,1.0)
7011	(14203,1.0000000000000002)
7011	(11261,1.0)
7016	(14203,1.0000000000000002)
7016	(10493,1.0)
7022	(17358,1.0000000000000002)
7022	(16169,1.0)
7030	(10082,1.0000000000000002)
7030	(9681,1.0)
7033	(8023,1.0000000000000002)
7033	(12757,1.0)
7061	(15216,1.0000000000000002)
7061	(15754,1.0)
7063	(12455,1.0000000000000002)
7063	(8921,1.0)
7067	(8699,1.0000000000000002)
7067	(16970,1.0)
7068	(8889,1.0000000000000002)
7068	(13964,1.0)
7075	(10712,1.0000000000000002)
7075	(8452,1.0)
7077	(10774,1.0000000000000002)
7077	(17411,1.0)
7084	(16707,1.0000000000000002)
7084	(9691,1.0)
7089	(16707,1.0000000000000002)
7089	(12246,1.0)
7109	(12497,1.0000000000000002)
7109	(16948,1.0)
7116	(12497,1.0000000000000002)
7116	(14171,1.0)
7132	(9824,1.0000000000000002)
7132	(17411,1.0)
7136	(8384,1.0000000000000002)
7136	(8697,1.0)
7137	(12757,1.0000000000000002)
7137	(15955,1.0)
7145	(16948,1.0000000000000002)
7145	(9087,1.0)
7147	(10284,1.0000000000000002)
7147	(11673,1.0)
7148	(12822,1.0000000000000002)
7148	(12246,1.0)
7186	(15576,1.0000000000000002)
7186	(9043,1.0)
7188	(7257,1.0000000000000002)
7188	(14198,1.0)
7236	(13565,1.0000000000000002)
7236	(11673,1.0)
7238	(8677,1.0000000000000002)
7238	(16948,1.0)
7244	(14198,1.0000000000000002)
7244	(7382,1.0)
7247	(13787,1.0000000000000002)
7247	(10100,1.0)
7255	(14496,1.0000000000000002)
7255	(16252,1.0)
7257	(15507,1.0000000000000002)
7257	(11496,1.0)
7262	(11307,1.0000000000000002)
7262	(14611,1.0)
7273	(7698,1.0000000000000002)
7273	(11837,1.0)
7283	(12170,1.0000000000000002)
7283	(12293,1.0)
7292	(12894,1.0000000000000002)
7292	(14255,1.0)
7299	(15955,1.0000000000000002)
7299	(14442,1.0)
7329	(9187,1.0000000000000002)
7329	(13651,1.0)
7334	(9324,1.0000000000000002)
7334	(14738,1.0)
7339	(17104,1.0000000000000002)
7339	(10900,1.0)
7382	(7991,1.0000000000000002)
7382	(12202,1.0)
7386	(9202,1.0000000000000002)
7386	(14484,1.0)
7387	(12355,1.0000000000000002)
7387	(12709,1.0)
7400	(13614,1.0000000000000002)
7400	(12355,1.0)
7406	(14462,1.0000000000000002)
7406	(13015,1.0)
7408	(12355,1.0000000000000002)
7408	(15955,1.0)
7418	(15808,1.0000000000000002)
7418	(9728,1.0)
7437	(9550,1.0000000000000002)
7437	(9817,1.0)
7442	(16127,1.0000000000000002)
7442	(10686,1.0)
7445	(16784,1.0000000000000002)
7445	(8051,1.0)
7458	(12156,1.0000000000000002)
7458	(13298,1.0)
7466	(14712,1.0000000000000002)
7466	(14902,1.0)
7476	(11376,1.0000000000000002)
7476	(15409,1.0)
7495	(7991,1.0000000000000002)
7495	(16707,1.0)
7503	(15741,1.0000000000000002)
7503	(15836,1.0)
7505	(9681,1.0000000000000002)
7505	(15662,1.0)
7511	(8915,1.0000000000000002)
7511	(14712,1.0)
7512	(7517,1.0000000000000002)
7512	(9946,1.0)
7516	(16286,1.0000000000000002)
7516	(8851,1.0)
7517	(9798,1.0000000000000002)
7517	(12482,1.0)
7518	(12170,1.0000000000000002)
7518	(16286,1.0)
7524	(11837,1.0000000000000002)
7524	(10100,1.0)
7527	(11837,1.0000000000000002)
7527	(11775,1.0)
7537	(8107,1.0000000000000002)
7537	(14203,1.0)
7544	(10109,1.0000000000000002)
7544	(9131,1.0)
7551	(15246,1.0000000000000002)
7551	(12798,1.0)
7557	(12232,1.0000000000000002)
7557	(11689,1.0)
7567	(8107,1.0000000000000002)
7567	(8200,1.0)
7569	(13651,1.0000000000000002)
7569	(10947,1.0)
7571	(15816,1.0000000000000002)
7571	(9043,1.0)
7577	(17085,1.0000000000000002)
7577	(14088,1.0)
7587	(13262,1.0000000000000002)
7587	(16286,1.0)
7607	(15712,1.0000000000000002)
7607	(12661,1.0)
7625	(8512,1.0000000000000002)
7625	(14716,1.0)
7638	(15592,1.0000000000000002)
7638	(15515,1.0)
7656	(8107,1.0000000000000002)
7656	(11690,1.0)
7681	(12291,1.0000000000000002)
7681	(16948,1.0)
7698	(12292,1.0000000000000002)
7698	(10851,1.0)
7721	(12864,1.0000000000000002)
7721	(16082,1.0)
7726	(12496,1.0000000000000002)
7726	(9256,1.0)
7736	(10100,1.0000000000000002)
7736	(8596,1.0)
7747	(8889,1.0000000000000002)
7747	(16970,1.0)
7763	(12795,1.0000000000000002)
7763	(13235,1.0)
7768	(16731,1.0000000000000002)
7768	(9528,1.0)
7770	(8628,1.0000000000000002)
7770	(13328,1.0)
7776	(11245,1.0000000000000002)
7776	(11806,1.0)
7801	(14457,1.0000000000000002)
7801	(8512,1.0)
7802	(16790,1.0000000000000002)
7802	(17423,1.0)
7806	(9875,1.0000000000000002)
7806	(14941,1.0)
7812	(8526,1.0000000000000002)
7812	(17536,1.0)
7822	(8849,1.0000000000000002)
7822	(11775,1.0)
7823	(7899,1.0000000000000002)
7823	(8448,1.0)
7838	(7899,1.0000000000000002)
7838	(16153,1.0)
7858	(7899,1.0000000000000002)
7858	(15033,1.0)
7868	(14459,1.0000000000000002)
7868	(8851,1.0)
7899	(8851,1.0000000000000002)
7899	(13015,1.0)
7901	(14185,1.0000000000000002)
7901	(12798,1.0)
7903	(14505,1.0000000000000002)
7903	(14320,1.0)
7906	(8384,1.0000000000000002)
7906	(9689,1.0)
7916	(8384,1.0000000000000002)
7916	(16169,1.0)
7919	(13485,1.0000000000000002)
7919	(13651,1.0)
7921	(9728,1.0000000000000002)
7921	(9798,1.0)
7923	(14209,1.0000000000000002)
7923	(10800,1.0)
7931	(8677,1.0000000000000002)
7931	(8315,1.0)
7939	(11837,1.0000000000000002)
7939	(10835,1.0)
7950	(12232,1.0000000000000002)
7950	(17310,1.0)
7968	(9717,1.0000000000000002)
7968	(14185,1.0)
7973	(8594,1.0000000000000002)
7973	(10187,1.0)
7991	(9131,1.0000000000000002)
7991	(10080,1.0)
8002	(14469,1.0000000000000002)
8002	(13606,1.0)
8005	(12775,1.0000000000000002)
8005	(13858,1.0)
8007	(8915,1.0000000000000002)
8007	(16082,1.0)
8008	(11732,1.0000000000000002)
8008	(16252,1.0)
8017	(17337,1.0000000000000002)
8017	(8678,1.0)
8023	(16262,1.0000000000000002)
8023	(16456,1.0)
8029	(12355,1.0000000000000002)
8029	(12280,1.0)
8039	(16589,1.0000000000000002)
8039	(17728,1.0)
8051	(17196,1.0000000000000002)
8051	(9310,1.0)
8052	(10429,1.0000000000000002)
8052	(17561,1.0)
8058	(8781,1.0000000000000002)
8058	(14177,1.0)
8072	(13046,1.0000000000000002)
8072	(14808,1.0)
8085	(15714,1.0000000000000002)
8085	(13614,1.0)
8096	(10835,1.0000000000000002)
8096	(10835,1.0)
8107	(8699,1.0000000000000002)
8107	(14096,1.0)
8121	(10019,1.0000000000000002)
8121	(15592,1.0)
8128	(14712,1.0000000000000002)
8128	(15276,1.0)
8162	(10835,1.0000000000000002)
8162	(12946,1.0)
8163	(16169,1.0000000000000002)
8163	(8596,1.0)
8166	(16970,1.0000000000000002)
8166	(9087,1.0)
8182	(9423,1.0000000000000002)
8182	(9528,1.0)
8200	(8920,1.0000000000000002)
8200	(15726,1.0)
8206	(16410,1.0000000000000002)
8206	(15234,1.0)
8207	(11261,1.0000000000000002)
8207	(8781,1.0)
8220	(17290,1.0000000000000002)
8220	(16731,1.0)
8249	(15529,1.0000000000000002)
8249	(16629,1.0)
8260	(11025,1.0000000000000002)
8260	(15657,1.0)
8268	(16555,1.0000000000000002)
8268	(16726,1.0)
8307	(10747,1.0000000000000002)
8307	(17725,1.0)
8315	(8596,1.0000000000000002)
8315	(16286,1.0)
8341	(17310,1.0000000000000002)
8341	(11673,1.0)
8352	(15449,1.0000000000000002)
8352	(9324,1.0)
8354	(15841,1.0000000000000002)
8354	(15568,1.0)
8365	(15955,1.0000000000000002)
8365	(9481,1.0)
8384	(8526,1.0000000000000002)
8384	(10721,1.0)
8390	(11098,1.0000000000000002)
8390	(10019,1.0)
8392	(16286,1.0000000000000002)
8392	(16788,1.0)
8401	(9131,1.0000000000000002)
8401	(13519,1.0)
8422	(9817,1.0000000000000002)
8422	(11376,1.0)
8428	(14203,1.0000000000000002)
8428	(16970,1.0)
8435	(15695,1.0000000000000002)
8435	(12280,1.0)
8448	(17423,1.0000000000000002)
8448	(10851,1.0)
8452	(12894,1.0000000000000002)
8452	(10774,1.0)
8458	(14154,1.0000000000000002)
8458	(10429,1.0)
8488	(15981,1.0000000000000002)
8488	(13744,1.0)
8491	(13934,1.0000000000000002)
8491	(17324,1.0)
8493	(11376,1.0000000000000002)
8493	(10921,1.0)
8495	(15712,1.0000000000000002)
8495	(8596,1.0)
8512	(13288,1.0000000000000002)
8512	(8851,1.0)
8526	(14185,1.0000000000000002)
8526	(13199,1.0)
8534	(15532,1.0000000000000002)
8534	(15592,1.0)
8537	(16112,1.0000000000000002)
8537	(17020,1.0)
8560	(15033,1.0000000000000002)
8560	(12232,1.0)
8561	(13212,1.0000000000000002)
8561	(17454,1.0)
8566	(11284,1.0000000000000002)
8566	(10429,1.0)
8582	(9187,1.0000000000000002)
8582	(15532,1.0)
8594	(15691,1.0000000000000002)
8594	(16410,1.0)
8596	(12298,1.0000000000000002)
8596	(10747,1.0)
8628	(11638,1.0000000000000002)
8628	(15516,1.0)
8654	(14505,1.0000000000000002)
8654	(12482,1.0)
8657	(13531,1.0000000000000002)
8657	(11690,1.0)
8661	(8889,1.0000000000000002)
8661	(9087,1.0)
8677	(11292,1.0000000000000002)
8677	(10947,1.0)
8678	(12497,1.0000000000000002)
8678	(13614,1.0)
8692	(13242,1.0000000000000002)
8692	(11613,1.0)
8697	(9131,1.0000000000000002)
8697	(10947,1.0)
8699	(14248,1.0000000000000002)
8699	(15033,1.0)
8703	(15246,1.0000000000000002)
8703	(9805,1.0)
8706	(16150,1.0000000000000002)
8706	(15676,1.0)
8718	(8825,1.0000000000000002)
8718	(12778,1.0)
8738	(8825,1.0000000000000002)
8738	(15496,1.0)
8766	(16157,1.0000000000000002)
8766	(10109,1.0)
8770	(13651,1.0000000000000002)
8770	(16262,1.0)
8781	(14203,1.0000000000000002)
8781	(10721,1.0)
8798	(14361,1.0000000000000002)
8798	(15496,1.0)
8804	(10195,1.0000000000000002)
8804	(10080,1.0)
8825	(16162,1.0000000000000002)
8825	(17324,1.0)
8842	(8915,1.0000000000000002)
8842	(14234,1.0)
8849	(12391,1.0000000000000002)
8849	(11908,1.0)
8851	(17574,1.0000000000000002)
8851	(13651,1.0)
8867	(15153,1.0000000000000002)
8867	(16169,1.0)
8889	(13651,1.0000000000000002)
8889	(14317,1.0)
8896	(16555,1.0000000000000002)
8896	(15808,1.0)
8905	(14185,1.0000000000000002)
8905	(17394,1.0)
8915	(10428,1.0000000000000002)
8915	(10889,1.0)
8919	(10921,1.0000000000000002)
8919	(9202,1.0)
8920	(11496,1.0000000000000002)
8920	(14209,1.0)
8921	(16082,1.0000000000000002)
8921	(12355,1.0)
8933	(14947,1.0000000000000002)
8933	(9728,1.0)
8951	(16986,1.0000000000000002)
8951	(10747,1.0)
8977	(11182,1.0000000000000002)
8977	(14712,1.0)
8994	(12336,1.0000000000000002)
8994	(9798,1.0)
9025	(9043,1.0000000000000002)
9025	(15338,1.0)
9028	(11236,1.0000000000000002)
9028	(11376,1.0)
9043	(12778,1.0000000000000002)
9043	(9481,1.0)
9046	(15234,1.0000000000000002)
9046	(12293,1.0)
9059	(15592,1.0000000000000002)
9059	(12125,1.0)
9087	(15582,1.0000000000000002)
9087	(15201,1.0)
9093	(12421,1.0000000000000002)
9093	(16349,1.0)
9107	(16931,1.0000000000000002)
9107	(13828,1.0)
9130	(11182,1.0000000000000002)
9130	(11563,1.0)
9131	(16948,1.0000000000000002)
9131	(12778,1.0)
9152	(14154,1.0000000000000002)
9152	(15496,1.0)
9167	(12795,1.0000000000000002)
9167	(17653,1.0)
9186	(12795,1.0000000000000002)
9186	(16707,1.0)
9187	(16169,1.0000000000000002)
9187	(11837,1.0)
9199	(13262,1.0000000000000002)
9199	(15808,1.0)
9202	(11837,1.0000000000000002)
9202	(13477,1.0)
9230	(14347,1.0000000000000002)
9230	(12232,1.0)
9237	(16889,1.0000000000000002)
9237	(11837,1.0)
9256	(11213,1.0000000000000002)
9256	(11851,1.0)
9297	(14292,1.0000000000000002)
9297	(17515,1.0)
9310	(13107,1.0000000000000002)
9310	(10889,1.0)
9324	(17515,1.0000000000000002)
9324	(15234,1.0)
9337	(16262,1.0000000000000002)
9337	(12855,1.0)
9343	(13636,1.0000000000000002)
9343	(14941,1.0)
9376	(13636,1.0000000000000002)
9376	(16262,1.0)
9401	(11295,1.0000000000000002)
9401	(15532,1.0)
9404	(11245,1.0000000000000002)
9404	(14457,1.0)
9410	(9728,1.0000000000000002)
9410	(14457,1.0)
9421	(15582,1.0000000000000002)
9421	(11182,1.0)
9422	(14203,1.0000000000000002)
9422	(12653,1.0)
9423	(14203,1.0000000000000002)
9423	(16733,1.0)
9481	(11182,1.0000000000000002)
9481	(12243,1.0)
9482	(15716,1.0000000000000002)
9482	(11775,1.0)
9492	(15716,1.0000000000000002)
9492	(12894,1.0)
9517	(10734,1.0000000000000002)
9517	(14198,1.0)
9518	(10428,1.0000000000000002)
9518	(10428,1.0)
9528	(13887,1.0000000000000002)
9528	(12778,1.0)
9530	(16726,1.0000000000000002)
9530	(14469,1.0)
9537	(16506,1.0000000000000002)
9537	(15257,1.0)
9550	(13608,1.0000000000000002)
9550	(13015,1.0)
9551	(9930,1.0000000000000002)
9551	(10686,1.0)
9567	(14459,1.0000000000000002)
9567	(10019,1.0)
9568	(15153,1.0000000000000002)
9568	(12639,1.0)
9600	(11686,1.0000000000000002)
9600	(14209,1.0)
9602	(13326,1.0000000000000002)
9602	(12679,1.0)
9607	(13326,1.0000000000000002)
9607	(10109,1.0)
9612	(17344,1.0000000000000002)
9612	(13828,1.0)
9617	(15582,1.0000000000000002)
9617	(12778,1.0)
9620	(14941,1.0000000000000002)
9620	(11812,1.0)
9629	(12639,1.0000000000000002)
9629	(14185,1.0)
9632	(13748,1.0000000000000002)
9632	(14086,1.0)
9640	(14826,1.0000000000000002)
9640	(11888,1.0)
9650	(11616,1.0000000000000002)
9650	(11496,1.0)
9672	(12793,1.0000000000000002)
9672	(11408,1.0)
9681	(12298,1.0000000000000002)
9681	(16707,1.0)
9689	(11651,1.0000000000000002)
9689	(10835,1.0)
9691	(10429,1.0000000000000002)
9691	(14185,1.0)
9696	(10429,1.0000000000000002)
9696	(13519,1.0)
9697	(10429,1.0000000000000002)
9697	(15657,1.0)
9699	(12497,1.0000000000000002)
9699	(14177,1.0)
9701	(14154,1.0000000000000002)
9701	(12232,1.0)
9716	(14154,1.0000000000000002)
9716	(10595,1.0)
9717	(11837,1.0000000000000002)
9717	(12355,1.0)
9719	(13887,1.0000000000000002)
9719	(11775,1.0)
9720	(16232,1.0000000000000002)
9720	(14086,1.0)
9728	(14716,1.0000000000000002)
9728	(16707,1.0)
9730	(15582,1.0000000000000002)
9730	(12280,1.0)
9735	(11088,1.0000000000000002)
9735	(15576,1.0)
9744	(16153,1.0000000000000002)
9744	(13477,1.0)
9747	(14072,1.0000000000000002)
9747	(14983,1.0)
9750	(12184,1.0000000000000002)
9750	(12488,1.0)
9752	(16169,1.0000000000000002)
9752	(10747,1.0)
9767	(13887,1.0000000000000002)
9767	(14185,1.0)
9798	(12243,1.0000000000000002)
9798	(16300,1.0)
9805	(16311,1.0000000000000002)
9805	(10921,1.0)
9817	(14738,1.0000000000000002)
9817	(10082,1.0)
9819	(10774,1.0000000000000002)
9819	(14484,1.0)
9824	(13565,1.0000000000000002)
9824	(11182,1.0)
9831	(17558,1.0000000000000002)
9831	(15576,1.0)
9843	(13934,1.0000000000000002)
9843	(13636,1.0)
9854	(15836,1.0000000000000002)
9854	(10921,1.0)
9855	(16082,1.0000000000000002)
9855	(12778,1.0)
9867	(12280,1.0000000000000002)
9867	(17728,1.0)
9875	(12246,1.0000000000000002)
9875	(11080,1.0)
9885	(13519,1.0000000000000002)
9885	(11651,1.0)
9890	(16169,1.0000000000000002)
9890	(10589,1.0)
9897	(14203,1.0000000000000002)
9897	(13651,1.0)
9920	(13456,1.0000000000000002)
9920	(13636,1.0)
9930	(15955,1.0000000000000002)
9930	(17065,1.0)
9945	(15592,1.0000000000000002)
9945	(14457,1.0)
9946	(16707,1.0000000000000002)
9946	(12243,1.0)
9953	(15592,1.0000000000000002)
9953	(11732,1.0)
9967	(13334,1.0000000000000002)
9967	(14075,1.0)
9973	(16689,1.0000000000000002)
9973	(12372,1.0)
9989	(16948,1.0000000000000002)
9989	(11673,1.0)
9993	(10774,1.0000000000000002)
9993	(13632,1.0)
9997	(15234,1.0000000000000002)
9997	(12391,1.0)
10006	(10670,1.0000000000000002)
10006	(10947,1.0)
10019	(17324,1.0000000000000002)
10019	(14203,1.0)
10024	(13298,1.0000000000000002)
10024	(12243,1.0)
10025	(13298,1.0000000000000002)
10025	(11025,1.0)
10034	(16082,1.0000000000000002)
10034	(12413,1.0)
10048	(16599,1.0000000000000002)
10048	(16705,1.0)
10076	(13377,1.0000000000000002)
10076	(14290,1.0)
10077	(16082,1.0000000000000002)
10077	(15662,1.0)
10080	(13934,1.0000000000000002)
10080	(11158,1.0)
10082	(15741,1.0000000000000002)
10082	(15409,1.0)
10089	(10721,1.0000000000000002)
10089	(11340,1.0)
10100	(14248,1.0000000000000002)
10100	(11158,1.0)
10104	(14248,1.0000000000000002)
10104	(14484,1.0)
10108	(15830,1.0000000000000002)
10108	(14335,1.0)
10109	(16262,1.0000000000000002)
10109	(16904,1.0)
10127	(12170,1.0000000000000002)
10127	(14248,1.0)
10187	(10493,1.0000000000000002)
10187	(14983,1.0)
10188	(13110,1.0000000000000002)
10188	(13783,1.0)
10194	(12682,1.0000000000000002)
10194	(14203,1.0)
10195	(16286,1.0000000000000002)
10195	(12421,1.0)
10219	(12661,1.0000000000000002)
10219	(14209,1.0)
10237	(14075,1.0000000000000002)
10237	(15234,1.0)
10248	(14199,1.0000000000000002)
10248	(13298,1.0)
10255	(15409,1.0000000000000002)
10255	(11884,1.0)
10284	(14320,1.0000000000000002)
10284	(14209,1.0)
10319	(13838,1.0000000000000002)
10319	(14506,1.0)
10321	(11829,1.0000000000000002)
10321	(13853,1.0)
10349	(17706,1.0000000000000002)
10349	(16948,1.0)
10350	(12497,1.0000000000000002)
10350	(15808,1.0)
10354	(16150,1.0000000000000002)
10354	(12391,1.0)
10368	(17624,1.0000000000000002)
10368	(16169,1.0)
10391	(14506,1.0000000000000002)
10391	(11182,1.0)
10404	(12298,1.0000000000000002)
10404	(12355,1.0)
10415	(12232,1.0000000000000002)
10415	(12482,1.0)
10428	(12243,1.0000000000000002)
10428	(10774,1.0)
10429	(17358,1.0000000000000002)
10429	(16022,1.0)
10462	(15449,1.0000000000000002)
10462	(14738,1.0)
10493	(13451,1.0000000000000002)
10493	(13938,1.0)
10522	(12232,1.0000000000000002)
10522	(12355,1.0)
10540	(10670,1.0000000000000002)
10540	(12977,1.0)
10555	(12864,1.0000000000000002)
10555	(17196,1.0)
10561	(14144,1.0000000000000002)
10561	(13614,1.0)
10572	(12280,1.0000000000000002)
10572	(14199,1.0)
10576	(11182,1.0000000000000002)
10576	(17423,1.0)
10578	(11182,1.0000000000000002)
10578	(12824,1.0)
10589	(12170,1.0000000000000002)
10589	(13046,1.0)
10595	(11240,1.0000000000000002)
10595	(16231,1.0)
10659	(16277,1.0000000000000002)
10659	(14484,1.0)
10662	(11391,1.0000000000000002)
10662	(10721,1.0)
10663	(12275,1.0000000000000002)
10663	(17334,1.0)
10670	(12275,1.0000000000000002)
10670	(14551,1.0)
10676	(10692,1.0000000000000002)
10676	(17558,1.0)
10686	(16344,1.0000000000000002)
10686	(16606,1.0)
10692	(14248,1.0000000000000002)
10692	(12682,1.0)
10712	(12355,1.0000000000000002)
10712	(12293,1.0)
10721	(14185,1.0000000000000002)
10721	(16349,1.0)
10733	(12482,1.0000000000000002)
10733	(12280,1.0)
10734	(12795,1.0000000000000002)
10734	(12778,1.0)
10735	(15726,1.0000000000000002)
10735	(15929,1.0)
10743	(16147,1.0000000000000002)
10743	(17725,1.0)
10747	(14198,1.0000000000000002)
10747	(16022,1.0)
10750	(10921,1.0000000000000002)
10750	(17324,1.0)
10757	(16169,1.0000000000000002)
10757	(14712,1.0)
10762	(12653,1.0000000000000002)
10762	(15662,1.0)
10774	(11837,1.0000000000000002)
10774	(11182,1.0)
10777	(12280,1.0000000000000002)
10777	(12682,1.0)
10780	(12280,1.0000000000000002)
10780	(11124,1.0)
10781	(11829,1.0000000000000002)
10781	(16869,1.0)
10792	(16606,1.0000000000000002)
10792	(16948,1.0)
10800	(11837,1.0000000000000002)
10800	(15532,1.0)
10810	(13787,1.0000000000000002)
10810	(12482,1.0)
10826	(13787,1.0000000000000002)
10826	(12243,1.0)
10835	(15582,1.0000000000000002)
10835	(15496,1.0)
10836	(13636,1.0000000000000002)
10836	(13887,1.0)
10843	(13636,1.0000000000000002)
10843	(17085,1.0)
10845	(12275,1.0000000000000002)
10845	(15160,1.0)
10846	(16705,1.0000000000000002)
10846	(12232,1.0)
10851	(16970,1.0000000000000002)
10851	(13614,1.0)
10870	(16589,1.0000000000000002)
10870	(12778,1.0)
10889	(14484,1.0000000000000002)
10889	(13298,1.0)
10900	(12355,1.0000000000000002)
10900	(16869,1.0)
10903	(14154,1.0000000000000002)
10903	(14407,1.0)
10921	(11690,1.0000000000000002)
10921	(17203,1.0)
10926	(15378,1.0000000000000002)
10926	(11613,1.0)
10939	(16790,1.0000000000000002)
10939	(15234,1.0)
10943	(16790,1.0000000000000002)
10943	(15582,1.0)
10947	(15449,1.0000000000000002)
10947	(13015,1.0)
10959	(17196,1.0000000000000002)
10959	(15820,1.0)
10978	(11182,1.0000000000000002)
10978	(15714,1.0)
10992	(12894,1.0000000000000002)
10992	(13636,1.0)
11003	(12291,1.0000000000000002)
11003	(16342,1.0)
11007	(15532,1.0000000000000002)
11007	(11088,1.0)
11009	(14096,1.0000000000000002)
11009	(12246,1.0)
11011	(12170,1.0000000000000002)
11011	(16262,1.0)
11021	(14248,1.0000000000000002)
11021	(12639,1.0)
11025	(13046,1.0000000000000002)
11025	(14198,1.0)
11027	(12778,1.0000000000000002)
11027	(13270,1.0)
11034	(11837,1.0000000000000002)
11034	(14738,1.0)
11041	(13339,1.0000000000000002)
11041	(13387,1.0)
11048	(16685,1.0000000000000002)
11048	(13887,1.0)
11054	(16685,1.0000000000000002)
11054	(15855,1.0)
11056	(13242,1.0000000000000002)
11056	(15816,1.0)
11076	(15772,1.0000000000000002)
11076	(13636,1.0)
11080	(17324,1.0000000000000002)
11080	(11651,1.0)
11086	(13651,1.0000000000000002)
11086	(12355,1.0)
11088	(14203,1.0000000000000002)
11088	(14209,1.0)
11098	(13748,1.0000000000000002)
11098	(14137,1.0)
11107	(14203,1.0000000000000002)
11107	(16286,1.0)
11124	(15409,1.0000000000000002)
11124	(11888,1.0)
11133	(15033,1.0000000000000002)
11133	(17558,1.0)
11158	(16869,1.0000000000000002)
11158	(12246,1.0)
11159	(16000,1.0000000000000002)
11159	(11631,1.0)
11177	(15529,1.0000000000000002)
11177	(15816,1.0)
11182	(14317,1.0000000000000002)
11182	(12538,1.0)
11197	(11837,1.0000000000000002)
11197	(14712,1.0)
11213	(14144,1.0000000000000002)
11213	(16707,1.0)
11232	(12606,1.0000000000000002)
11232	(12969,1.0)
11235	(12232,1.0000000000000002)
11235	(15576,1.0)
11236	(14808,1.0000000000000002)
11236	(16286,1.0)
11237	(13887,1.0000000000000002)
11237	(11286,1.0)
11238	(14625,1.0000000000000002)
11238	(11902,1.0)
11240	(15568,1.0000000000000002)
11240	(11775,1.0)
11245	(16707,1.0000000000000002)
11245	(14185,1.0)
11253	(15532,1.0000000000000002)
11253	(14203,1.0)
11259	(16685,1.0000000000000002)
11259	(12243,1.0)
11261	(13015,1.0000000000000002)
11261	(14272,1.0)
11284	(12355,1.0000000000000002)
11284	(13587,1.0)
11286	(15160,1.0000000000000002)
11286	(13614,1.0)
11288	(16670,1.0000000000000002)
11288	(16286,1.0)
11292	(12355,1.0000000000000002)
11292	(15532,1.0)
11294	(15754,1.0000000000000002)
11294	(17310,1.0)
11295	(16830,1.0000000000000002)
11295	(15532,1.0)
11307	(12292,1.0000000000000002)
11307	(11616,1.0)
11312	(17558,1.0000000000000002)
11312	(15223,1.0)
11316	(14738,1.0000000000000002)
11316	(16705,1.0)
11317	(17324,1.0000000000000002)
11317	(15246,1.0)
11319	(13464,1.0000000000000002)
11319	(16788,1.0)
11330	(16082,1.0000000000000002)
11330	(16916,1.0)
11339	(12170,1.0000000000000002)
11339	(16286,1.0)
11340	(13614,1.0000000000000002)
11340	(11812,1.0)
11344	(13614,1.0000000000000002)
11344	(13565,1.0)
11347	(15816,1.0000000000000002)
11347	(12432,1.0)
11348	(12355,1.0000000000000002)
11348	(12232,1.0)
11352	(12291,1.0000000000000002)
11352	(13651,1.0)
11376	(12778,1.0000000000000002)
11376	(15152,1.0)
11380	(14314,1.0000000000000002)
11380	(17124,1.0)
11391	(14712,1.0000000000000002)
11391	(11829,1.0)
11395	(15946,1.0000000000000002)
11395	(17068,1.0)
11408	(15712,1.0000000000000002)
11408	(13519,1.0)
11412	(14317,1.0000000000000002)
11412	(14738,1.0)
11418	(11688,1.0000000000000002)
11418	(12607,1.0)
11436	(16477,1.0000000000000002)
11436	(12496,1.0)
11442	(13298,1.0000000000000002)
11442	(14712,1.0)
11463	(12497,1.0000000000000002)
11463	(12661,1.0)
11493	(13431,1.0000000000000002)
11493	(16344,1.0)
11496	(13651,1.0000000000000002)
11496	(13909,1.0)
11505	(15712,1.0000000000000002)
11505	(14258,1.0)
11510	(15153,1.0000000000000002)
11510	(12623,1.0)
11511	(17653,1.0000000000000002)
11511	(12100,1.0)
11513	(15165,1.0000000000000002)
11513	(15785,1.0)
11536	(15165,1.0000000000000002)
11536	(12184,1.0)
11563	(12280,1.0000000000000002)
11563	(15515,1.0)
11567	(15592,1.0000000000000002)
11567	(15662,1.0)
11613	(14137,1.0000000000000002)
11613	(14459,1.0)
11614	(13587,1.0000000000000002)
11614	(14088,1.0)
11616	(13674,1.0000000000000002)
11616	(12355,1.0)
11631	(12348,1.0000000000000002)
11631	(16606,1.0)
11637	(12778,1.0000000000000002)
11637	(14198,1.0)
11638	(13298,1.0000000000000002)
11638	(16955,1.0)
11651	(15816,1.0000000000000002)
11651	(11837,1.0)
11657	(13905,1.0000000000000002)
11657	(12977,1.0)
11673	(14248,1.0000000000000002)
11673	(16788,1.0)
11686	(14279,1.0000000000000002)
11686	(15529,1.0)
11688	(12275,1.0000000000000002)
11688	(13270,1.0)
11689	(12875,1.0000000000000002)
11689	(15071,1.0)
11690	(11888,1.0000000000000002)
11690	(16869,1.0)
11723	(11888,1.0000000000000002)
11723	(17174,1.0)
11732	(13456,1.0000000000000002)
11732	(13519,1.0)
11757	(11837,1.0000000000000002)
11757	(12293,1.0)
11766	(14712,1.0000000000000002)
11766	(17174,1.0)
11775	(14457,1.0000000000000002)
11775	(14203,1.0)
11786	(16147,1.0000000000000002)
11786	(17642,1.0)
11806	(16169,1.0000000000000002)
11806	(14209,1.0)
11812	(13242,1.0000000000000002)
11812	(11837,1.0)
11824	(12822,1.0000000000000002)
11824	(12497,1.0)
11829	(13927,1.0000000000000002)
11829	(15592,1.0)
11835	(15223,1.0000000000000002)
11835	(12455,1.0)
11837	(15582,1.0000000000000002)
11837	(13887,1.0)
11838	(15582,1.0000000000000002)
11838	(15515,1.0)
11839	(12778,1.0000000000000002)
11839	(16784,1.0)
11851	(15741,1.0000000000000002)
11851	(15272,1.0)
11866	(16329,1.0000000000000002)
11866	(12705,1.0)
11867	(13387,1.0000000000000002)
11867	(12482,1.0)
11884	(12695,1.0000000000000002)
11884	(16540,1.0)
11887	(14459,1.0000000000000002)
11887	(14185,1.0)
11888	(16262,1.0000000000000002)
11888	(14137,1.0)
11902	(14198,1.0000000000000002)
11902	(17574,1.0)
11908	(13055,1.0000000000000002)
11908	(13015,1.0)
11923	(15201,1.0000000000000002)
11923	(16970,1.0)
11951	(12497,1.0000000000000002)
11951	(14329,1.0)
11952	(12170,1.0000000000000002)
11952	(16869,1.0)
11965	(14712,1.0000000000000002)
11965	(15576,1.0)
11966	(17324,1.0000000000000002)
11966	(15192,1.0)
12010	(14712,1.0000000000000002)
12010	(12292,1.0)
12046	(15216,1.0000000000000002)
12046	(14800,1.0)
12059	(16572,1.0000000000000002)
12059	(17522,1.0)
12100	(15662,1.0000000000000002)
12100	(12798,1.0)
12117	(15662,1.0000000000000002)
12117	(13614,1.0)
12123	(15246,1.0000000000000002)
12123	(16147,1.0)
12125	(17536,1.0000000000000002)
12125	(14904,1.0)
12133	(16349,1.0000000000000002)
12133	(13636,1.0)
12156	(15662,1.0000000000000002)
12156	(16554,1.0)
12159	(13651,1.0000000000000002)
12159	(17536,1.0)
12170	(16849,1.0000000000000002)
12170	(12246,1.0)
12178	(17324,1.0000000000000002)
12178	(16252,1.0)
12180	(15251,1.0000000000000002)
12180	(16559,1.0)
12184	(15582,1.0000000000000002)
12184	(12682,1.0)
12189	(12709,1.0000000000000002)
12189	(16286,1.0)
12199	(13531,1.0000000000000002)
12199	(16153,1.0)
12202	(14459,1.0000000000000002)
12202	(14096,1.0)
12230	(13636,1.0000000000000002)
12230	(15246,1.0)
12232	(16082,1.0000000000000002)
12232	(13604,1.0)
12243	(14716,1.0000000000000002)
12243	(16022,1.0)
12246	(15496,1.0000000000000002)
12246	(16046,1.0)
12273	(13674,1.0000000000000002)
12273	(15955,1.0)
12275	(12795,1.0000000000000002)
12275	(16150,1.0)
12276	(15527,1.0000000000000002)
12276	(15657,1.0)
12280	(15582,1.0000000000000002)
12280	(16286,1.0)
12284	(15331,1.0000000000000002)
12284	(12639,1.0)
12291	(13587,1.0000000000000002)
12291	(12488,1.0)
12292	(14317,1.0000000000000002)
12292	(16869,1.0)
12293	(16082,1.0000000000000002)
12293	(15507,1.0)
12298	(15582,1.0000000000000002)
12298	(12778,1.0)
12336	(15409,1.0000000000000002)
12336	(15836,1.0)
12348	(16169,1.0000000000000002)
12348	(12875,1.0)
12355	(14203,1.0000000000000002)
12355	(16335,1.0)
12372	(17085,1.0000000000000002)
12372	(17174,1.0)
12386	(17085,1.0000000000000002)
12386	(14810,1.0)
12391	(12798,1.0000000000000002)
12391	(13838,1.0)
12396	(17640,1.0000000000000002)
12396	(14209,1.0)
12413	(12503,1.0000000000000002)
12413	(17310,1.0)
12419	(17056,1.0000000000000002)
12419	(15410,1.0)
12421	(15409,1.0000000000000002)
12421	(13489,1.0)
12422	(14072,1.0000000000000002)
12422	(14552,1.0)
12423	(14248,1.0000000000000002)
12423	(16135,1.0)
12432	(14430,1.0000000000000002)
12432	(16082,1.0)
12452	(12497,1.0000000000000002)
12452	(15830,1.0)
12455	(16770,1.0000000000000002)
12455	(12793,1.0)
12472	(16788,1.0000000000000002)
12472	(13664,1.0)
12482	(12538,1.0000000000000002)
12482	(14484,1.0)
12488	(16555,1.0000000000000002)
12488	(14712,1.0)
12496	(13899,1.0000000000000002)
12496	(16286,1.0)
12497	(14248,1.0000000000000002)
12497	(14203,1.0)
12503	(13887,1.0000000000000002)
12503	(15409,1.0)
12504	(12661,1.0000000000000002)
12504	(15449,1.0)
12510	(12733,1.0000000000000002)
12510	(14185,1.0)
12538	(13887,1.0000000000000002)
12538	(13964,1.0)
12544	(13561,1.0000000000000002)
12544	(13887,1.0)
12589	(16344,1.0000000000000002)
12589	(14209,1.0)
12604	(14983,1.0000000000000002)
12604	(16554,1.0)
12606	(13608,1.0000000000000002)
12606	(14244,1.0)
12607	(16147,1.0000000000000002)
12607	(15223,1.0)
12623	(12778,1.0000000000000002)
12623	(12778,1.0)
12627	(16948,1.0000000000000002)
12627	(15820,1.0)
12634	(14154,1.0000000000000002)
12634	(14712,1.0)
12639	(15409,1.0000000000000002)
12639	(16986,1.0)
12653	(16606,1.0000000000000002)
12653	(15582,1.0)
12661	(15816,1.0000000000000002)
12661	(14712,1.0)
12679	(13328,1.0000000000000002)
12679	(17558,1.0)
12682	(17082,1.0000000000000002)
12682	(14407,1.0)
12683	(15150,1.0000000000000002)
12683	(17411,1.0)
12695	(16046,1.0000000000000002)
12695	(15662,1.0)
12700	(13107,1.0000000000000002)
12700	(15222,1.0)
12705	(13531,1.0000000000000002)
12705	(15662,1.0)
12709	(14484,1.0000000000000002)
12709	(16286,1.0)
12733	(14484,1.0000000000000002)
12733	(13022,1.0)
12755	(17324,1.0000000000000002)
12755	(13636,1.0)
12757	(15539,1.0000000000000002)
12757	(15714,1.0)
12760	(14484,1.0000000000000002)
12760	(16247,1.0)
12775	(16707,1.0000000000000002)
12775	(13677,1.0)
12778	(15582,1.0000000000000002)
12778	(16153,1.0)
12780	(13748,1.0000000000000002)
12780	(13614,1.0)
12793	(14712,1.0000000000000002)
12793	(17324,1.0)
12795	(14075,1.0000000000000002)
12795	(16329,1.0)
12798	(14738,1.0000000000000002)
12798	(14407,1.0)
12812	(14902,1.0000000000000002)
12812	(17660,1.0)
12822	(13760,1.0000000000000002)
12822	(15741,1.0)
12824	(14947,1.0000000000000002)
12824	(13212,1.0)
12847	(14947,1.0000000000000002)
12847	(16022,1.0)
12852	(16262,1.0000000000000002)
12852	(13046,1.0)
12855	(14177,1.0000000000000002)
12855	(14244,1.0)
12863	(17523,1.0000000000000002)
12863	(13451,1.0)
12864	(17523,1.0000000000000002)
12864	(13899,1.0)
12875	(15592,1.0000000000000002)
12875	(12894,1.0)
12887	(15592,1.0000000000000002)
12887	(14859,1.0)
12894	(13477,1.0000000000000002)
12894	(13674,1.0)
12912	(15982,1.0000000000000002)
12912	(14070,1.0)
12920	(16916,1.0000000000000002)
12920	(15712,1.0)
12936	(13262,1.0000000000000002)
12936	(14144,1.0)
12946	(15662,1.0000000000000002)
12946	(13215,1.0)
12948	(13519,1.0000000000000002)
12948	(13326,1.0)
12952	(14407,1.0000000000000002)
12952	(15516,1.0)
12957	(13055,1.0000000000000002)
12957	(16733,1.0)
12969	(15428,1.0000000000000002)
12969	(15532,1.0)
12977	(16889,1.0000000000000002)
12977	(14594,1.0)
12993	(14209,1.0000000000000002)
12993	(13270,1.0)
13015	(15676,1.0000000000000002)
13015	(15836,1.0)
13022	(15676,1.0000000000000002)
13022	(13298,1.0)
13032	(14177,1.0000000000000002)
13032	(16451,1.0)
13046	(15929,1.0000000000000002)
13046	(16286,1.0)
13055	(16001,1.0000000000000002)
13055	(15712,1.0)
13059	(13477,1.0000000000000002)
13059	(17324,1.0)
13099	(17290,1.0000000000000002)
13099	(13748,1.0)
13107	(13748,1.0000000000000002)
13107	(13964,1.0)
13110	(16232,1.0000000000000002)
13110	(16889,1.0)
13137	(13150,1.0000000000000002)
13137	(16506,1.0)
13145	(16477,1.0000000000000002)
13145	(13614,1.0)
13150	(17558,1.0000000000000002)
13150	(15516,1.0)
13154	(16685,1.0000000000000002)
13154	(14198,1.0)
13186	(13858,1.0000000000000002)
13186	(13614,1.0)
13188	(17337,1.0000000000000002)
13188	(14440,1.0)
13199	(16770,1.0000000000000002)
13199	(16046,1.0)
13212	(14335,1.0000000000000002)
13212	(16589,1.0)
13215	(15515,1.0000000000000002)
13215	(15662,1.0)
13218	(14983,1.0000000000000002)
13218	(15409,1.0)
13235	(13606,1.0000000000000002)
13235	(14209,1.0)
13242	(15115,1.0000000000000002)
13242	(14185,1.0)
13262	(16082,1.0000000000000002)
13262	(16169,1.0)
13270	(15410,1.0000000000000002)
13270	(17660,1.0)
13288	(13748,1.0000000000000002)
13288	(13769,1.0)
13289	(17725,1.0000000000000002)
13289	(14244,1.0)
13298	(15410,1.0000000000000002)
13298	(13489,1.0)
13299	(15410,1.0000000000000002)
13299	(14983,1.0)
13305	(13587,1.0000000000000002)
13305	(15142,1.0)
13326	(13334,1.0000000000000002)
13326	(17358,1.0)
13328	(16970,1.0000000000000002)
13328	(17174,1.0)
13334	(14836,1.0000000000000002)
13334	(14209,1.0)
13339	(15816,1.0000000000000002)
13339	(17626,1.0)
13360	(15040,1.0000000000000002)
13360	(13485,1.0)
13363	(17574,1.0000000000000002)
13363	(14354,1.0)
13377	(17728,1.0000000000000002)
13377	(16150,1.0)
13387	(16022,1.0000000000000002)
13387	(13802,1.0)
13431	(16342,1.0000000000000002)
13431	(17358,1.0)
13432	(15222,1.0000000000000002)
13432	(15234,1.0)
13438	(17693,1.0000000000000002)
13438	(17182,1.0)
13451	(15657,1.0000000000000002)
13451	(14484,1.0)
13456	(13905,1.0000000000000002)
13456	(16286,1.0)
13461	(16147,1.0000000000000002)
13461	(14136,1.0)
13464	(14808,1.0000000000000002)
13464	(15246,1.0)
13477	(14808,1.0000000000000002)
13477	(16606,1.0)
13485	(16970,1.0000000000000002)
13485	(15662,1.0)
13489	(14372,1.0000000000000002)
13489	(15592,1.0)
13507	(16169,1.0000000000000002)
13507	(13758,1.0)
13519	(17558,1.0000000000000002)
13519	(13748,1.0)
13531	(14720,1.0000000000000002)
13531	(17624,1.0)
13561	(16889,1.0000000000000002)
13561	(16670,1.0)
13563	(16147,1.0000000000000002)
13563	(14462,1.0)
13565	(15820,1.0000000000000002)
13565	(14136,1.0)
13569	(13748,1.0000000000000002)
13569	(17324,1.0)
13587	(16162,1.0000000000000002)
13587	(13831,1.0)
13589	(16162,1.0000000000000002)
13589	(15785,1.0)
13590	(17358,1.0000000000000002)
13590	(16670,1.0)
13601	(15496,1.0000000000000002)
13601	(15515,1.0)
13604	(17624,1.0000000000000002)
13604	(15955,1.0)
13606	(15955,1.0000000000000002)
13606	(15712,1.0)
13608	(14594,1.0000000000000002)
13608	(15657,1.0)
13614	(17523,1.0000000000000002)
13614	(15532,1.0)
13632	(13787,1.0000000000000002)
13632	(14234,1.0)
13633	(15820,1.0000000000000002)
13633	(16970,1.0)
13636	(17324,1.0000000000000002)
13636	(15816,1.0)
13638	(14317,1.0000000000000002)
13638	(14380,1.0)
13651	(16286,1.0000000000000002)
13651	(14320,1.0)
13664	(13927,1.0000000000000002)
13664	(17536,1.0)
13674	(14459,1.0000000000000002)
13674	(16869,1.0)
13677	(14459,1.0000000000000002)
13677	(16082,1.0)
13680	(15632,1.0000000000000002)
13680	(16162,1.0)
13682	(15567,1.0000000000000002)
13682	(17358,1.0)
13686	(16784,1.0000000000000002)
13686	(13964,1.0)
13744	(16933,1.0000000000000002)
13744	(16770,1.0)
13748	(15409,1.0000000000000002)
13748	(16344,1.0)
13758	(16707,1.0000000000000002)
13758	(17725,1.0)
13760	(16277,1.0000000000000002)
13760	(17232,1.0)
13769	(15409,1.0000000000000002)
13769	(14469,1.0)
13783	(16933,1.0000000000000002)
13783	(14272,1.0)
13787	(16311,1.0000000000000002)
13787	(16286,1.0)
13802	(17624,1.0000000000000002)
13802	(15222,1.0)
13817	(17624,1.0000000000000002)
13817	(15955,1.0)
13823	(14457,1.0000000000000002)
13823	(17085,1.0)
13828	(16169,1.0000000000000002)
13828	(16572,1.0)
13831	(15582,1.0000000000000002)
13831	(14013,1.0)
13835	(15223,1.0000000000000002)
13835	(17411,1.0)
13838	(16188,1.0000000000000002)
13838	(14407,1.0)
13853	(16948,1.0000000000000002)
13853	(14317,1.0)
13858	(16685,1.0000000000000002)
13858	(14258,1.0)
13861	(14088,1.0000000000000002)
13861	(16788,1.0)
13877	(15816,1.0000000000000002)
13877	(16606,1.0)
13878	(17324,1.0000000000000002)
13878	(14185,1.0)
13887	(14459,1.0000000000000002)
13887	(14712,1.0)
13899	(14459,1.0000000000000002)
13899	(16262,1.0)
13905	(15183,1.0000000000000002)
13905	(17653,1.0)
13909	(16931,1.0000000000000002)
13909	(14096,1.0)
13911	(16933,1.0000000000000002)
13911	(15165,1.0)
13912	(16670,1.0000000000000002)
13912	(16150,1.0)
13927	(17574,1.0000000000000002)
13927	(15507,1.0)
13934	(15532,1.0000000000000002)
13934	(14258,1.0)
13936	(16784,1.0000000000000002)
13936	(16797,1.0)
13938	(17104,1.0000000000000002)
13938	(15449,1.0)
13964	(14904,1.0000000000000002)
13964	(14013,1.0)
13965	(14317,1.0000000000000002)
13965	(17574,1.0)
13989	(16731,1.0000000000000002)
13989	(16232,1.0)
14013	(15816,1.0000000000000002)
14013	(17203,1.0)
14046	(16147,1.0000000000000002)
14046	(15331,1.0)
14070	(14137,1.0000000000000002)
14070	(15409,1.0)
14072	(14209,1.0000000000000002)
14072	(17358,1.0)
14075	(15582,1.0000000000000002)
14075	(15449,1.0)
14077	(15809,1.0000000000000002)
14077	(15582,1.0)
14079	(15809,1.0000000000000002)
14079	(14347,1.0)
14086	(16572,1.0000000000000002)
14086	(15712,1.0)
14088	(16572,1.0000000000000002)
14088	(14198,1.0)
14089	(16999,1.0000000000000002)
14089	(16022,1.0)
14096	(15449,1.0000000000000002)
14096	(16082,1.0)
14099	(15993,1.0000000000000002)
14099	(15033,1.0)
14100	(15060,1.0000000000000002)
14100	(16685,1.0)
14136	(14575,1.0000000000000002)
14136	(14462,1.0)
14137	(17635,1.0000000000000002)
14137	(17741,1.0)
14144	(14459,1.0000000000000002)
14144	(14740,1.0)
14154	(15529,1.0000000000000002)
14154	(16150,1.0)
14169	(15496,1.0000000000000002)
14169	(14484,1.0)
14171	(14457,1.0000000000000002)
14171	(16246,1.0)
14177	(17556,1.0000000000000002)
14177	(14506,1.0)
14185	(14810,1.0000000000000002)
14185	(16046,1.0)
14189	(17558,1.0000000000000002)
14189	(15040,1.0)
14198	(17558,1.0000000000000002)
14198	(16286,1.0)
14199	(15657,1.0000000000000002)
14199	(14457,1.0)
14203	(17574,1.0000000000000002)
14203	(16262,1.0)
14209	(15808,1.0000000000000002)
14209	(16788,1.0)
14216	(17725,1.0000000000000002)
14216	(15496,1.0)
14231	(16993,1.0000000000000002)
14231	(14492,1.0)
14234	(14407,1.0000000000000002)
14234	(14407,1.0)
14244	(16286,1.0000000000000002)
14244	(15276,1.0)
14248	(17324,1.0000000000000002)
14248	(14459,1.0)
14255	(16788,1.0000000000000002)
14255	(17174,1.0)
14258	(15820,1.0000000000000002)
14258	(15955,1.0)
14272	(15409,1.0000000000000002)
14272	(14808,1.0)
14279	(17734,1.0000000000000002)
14279	(15557,1.0)
14282	(16129,1.0000000000000002)
14282	(15160,1.0)
14283	(17104,1.0000000000000002)
14283	(16169,1.0)
14290	(15142,1.0000000000000002)
14290	(17653,1.0)
14292	(15547,1.0000000000000002)
14292	(14712,1.0)
14314	(14496,1.0000000000000002)
14314	(14459,1.0)
14317	(16286,1.0000000000000002)
14317	(15449,1.0)
14320	(16889,1.0000000000000002)
14320	(17324,1.0)
14324	(15632,1.0000000000000002)
14324	(16456,1.0)
14329	(15234,1.0000000000000002)
14329	(15816,1.0)
14335	(17174,1.0000000000000002)
14335	(16770,1.0)
14347	(17174,1.0000000000000002)
14347	(17693,1.0)
14354	(16131,1.0000000000000002)
14354	(17624,1.0)
14361	(15152,1.0000000000000002)
14361	(14537,1.0)
14372	(16599,1.0000000000000002)
14372	(15160,1.0)
14380	(16488,1.0000000000000002)
14380	(14716,1.0)
14386	(16488,1.0000000000000002)
14386	(15121,1.0)
14392	(15529,1.0000000000000002)
14392	(16830,1.0)
14407	(14716,1.0000000000000002)
14407	(15532,1.0)
14429	(16246,1.0000000000000002)
14429	(15183,1.0)
14430	(14732,1.0000000000000002)
14430	(14459,1.0)
14440	(14732,1.0000000000000002)
14440	(17635,1.0)
14442	(14732,1.0000000000000002)
14442	(15409,1.0)
14457	(15475,1.0000000000000002)
14457	(16286,1.0)
14459	(16262,1.0000000000000002)
14459	(17574,1.0)
14462	(15632,1.0000000000000002)
14462	(16849,1.0)
14469	(15632,1.0000000000000002)
14469	(15529,1.0)
14470	(15632,1.0000000000000002)
14470	(14643,1.0)
14484	(17411,1.0000000000000002)
14484	(17338,1.0)
14492	(17411,1.0000000000000002)
14492	(16707,1.0)
14496	(17087,1.0000000000000002)
14496	(16707,1.0)
14503	(16232,1.0000000000000002)
14503	(15582,1.0)
14505	(15582,1.0000000000000002)
14505	(16790,1.0)
14506	(15183,1.0000000000000002)
14506	(16311,1.0)
14518	(16262,1.0000000000000002)
14518	(15836,1.0)
14537	(17085,1.0000000000000002)
14537	(17182,1.0)
14551	(15841,1.0000000000000002)
14551	(16262,1.0)
14552	(16955,1.0000000000000002)
14552	(15165,1.0)
14560	(15413,1.0000000000000002)
14560	(16770,1.0)
14575	(15413,1.0000000000000002)
14575	(16705,1.0)
14581	(17558,1.0000000000000002)
14581	(15772,1.0)
14594	(17558,1.0000000000000002)
14594	(15507,1.0)
14611	(15808,1.0000000000000002)
14611	(15409,1.0)
14625	(15808,1.0000000000000002)
14625	(15592,1.0)
14643	(15234,1.0000000000000002)
14643	(17574,1.0)
14645	(15276,1.0000000000000002)
14645	(15469,1.0)
14648	(16286,1.0000000000000002)
14648	(15582,1.0)
14712	(16082,1.0000000000000002)
14712	(17574,1.0)
14716	(17324,1.0000000000000002)
14716	(17650,1.0)
14720	(17554,1.0000000000000002)
14720	(17693,1.0)
14722	(16788,1.0000000000000002)
14722	(15246,1.0)
14732	(17741,1.0000000000000002)
14732	(15662,1.0)
14738	(16232,1.0000000000000002)
14738	(15557,1.0)
14740	(15410,1.0000000000000002)
14740	(15820,1.0)
14743	(15410,1.0000000000000002)
14743	(17693,1.0)
14775	(17074,1.0000000000000002)
14775	(17551,1.0)
14793	(17074,1.0000000000000002)
14793	(17020,1.0)
14800	(15962,1.0000000000000002)
14800	(16252,1.0)
14807	(15962,1.0000000000000002)
14807	(17358,1.0)
14808	(17324,1.0000000000000002)
14808	(17324,1.0)
14810	(17324,1.0000000000000002)
14810	(16906,1.0)
14826	(17324,1.0000000000000002)
14826	(15496,1.0)
14836	(17324,1.0000000000000002)
14836	(16001,1.0)
14859	(16286,1.0000000000000002)
14859	(15772,1.0)
14902	(16243,1.0000000000000002)
14902	(16311,1.0)
14904	(17411,1.0000000000000002)
14904	(15378,1.0)
14930	(17515,1.0000000000000002)
14930	(15610,1.0)
14932	(17650,1.0000000000000002)
14932	(15234,1.0)
14941	(17642,1.0000000000000002)
14941	(16784,1.0)
14947	(16232,1.0000000000000002)
14947	(15410,1.0)
14957	(15981,1.0000000000000002)
14957	(17174,1.0)
14962	(15981,1.0000000000000002)
14962	(16286,1.0)
14983	(16286,1.0000000000000002)
14983	(17324,1.0)
14995	(16741,1.0000000000000002)
14995	(16344,1.0)
15005	(16741,1.0000000000000002)
15005	(17522,1.0)
15020	(16741,1.0000000000000002)
15020	(16082,1.0)
15033	(17522,1.0000000000000002)
15033	(15955,1.0)
15040	(15223,1.0000000000000002)
15040	(15529,1.0)
15051	(15223,1.0000000000000002)
15051	(17574,1.0)
15060	(15223,1.0000000000000002)
15060	(17232,1.0)
15071	(15160,1.0000000000000002)
15071	(15962,1.0)
15074	(15142,1.0000000000000002)
15074	(17653,1.0)
15083	(16726,1.0000000000000002)
15083	(16904,1.0)
15085	(17689,1.0000000000000002)
15085	(15772,1.0)
15115	(16286,1.0000000000000002)
15115	(15516,1.0)
15121	(16286,1.0000000000000002)
15121	(16506,1.0)
15122	(16169,1.0000000000000002)
15122	(15662,1.0)
15135	(16169,1.0000000000000002)
15135	(17741,1.0)
15142	(16169,1.0000000000000002)
15142	(15712,1.0)
15150	(15662,1.0000000000000002)
15150	(15246,1.0)
15152	(16169,1.0000000000000002)
15152	(15532,1.0)
15153	(15741,1.0000000000000002)
15153	(17358,1.0)
15160	(17324,1.0000000000000002)
15160	(16022,1.0)
15165	(15816,1.0000000000000002)
15165	(16311,1.0)
15175	(16147,1.0000000000000002)
15175	(16286,1.0)
15183	(16022,1.0000000000000002)
15183	(16344,1.0)
15192	(15251,1.0000000000000002)
15192	(16046,1.0)
15201	(15632,1.0000000000000002)
15201	(15378,1.0)
15202	(15632,1.0000000000000002)
15202	(16329,1.0)
15213	(17334,1.0000000000000002)
15213	(16247,1.0)
15214	(16869,1.0000000000000002)
15214	(17554,1.0)
15216	(15632,1.0000000000000002)
15216	(16112,1.0)
15222	(15246,1.0000000000000002)
15222	(16147,1.0)
15223	(15529,1.0000000000000002)
15223	(15582,1.0)
15228	(15529,1.0000000000000002)
15228	(15529,1.0)
15234	(17174,1.0000000000000002)
15234	(15449,1.0)
15246	(17523,1.0000000000000002)
15246	(15576,1.0)
15251	(15529,1.0000000000000002)
15251	(16797,1.0)
15257	(17203,1.0000000000000002)
15257	(17725,1.0)
15272	(16286,1.0000000000000002)
15272	(16788,1.0)
15276	(15449,1.0000000000000002)
15276	(15507,1.0)
15331	(15547,1.0000000000000002)
15331	(16986,1.0)
15338	(15547,1.0000000000000002)
15338	(16670,1.0)
15371	(15496,1.0000000000000002)
15371	(15496,1.0)
15378	(17522,1.0000000000000002)
15378	(16869,1.0)
15391	(17522,1.0000000000000002)
15391	(16091,1.0)
15409	(15496,1.0000000000000002)
15409	(15576,1.0)
15410	(15557,1.0000000000000002)
15410	(17650,1.0)
15413	(15527,1.0000000000000002)
15413	(15449,1.0)
15428	(16169,1.0000000000000002)
15428	(16790,1.0)
15438	(16169,1.0000000000000002)
15438	(17423,1.0)
15449	(16150,1.0000000000000002)
15449	(15529,1.0)
15464	(15662,1.0000000000000002)
15464	(17174,1.0)
15469	(17561,1.0000000000000002)
15469	(16999,1.0)
15475	(17574,1.0000000000000002)
15475	(16869,1.0)
15478	(17020,1.0000000000000002)
15478	(15982,1.0)
15480	(17020,1.0000000000000002)
15480	(15582,1.0)
15496	(15529,1.0000000000000002)
15496	(17536,1.0)
15507	(16606,1.0000000000000002)
15507	(16916,1.0)
15510	(15754,1.0000000000000002)
15510	(16262,1.0)
15515	(16770,1.0000000000000002)
15515	(16150,1.0)
15516	(17574,1.0000000000000002)
15516	(17174,1.0)
15527	(17574,1.0000000000000002)
15527	(15816,1.0)
15529	(17174,1.0000000000000002)
15529	(17203,1.0)
15532	(17741,1.0000000000000002)
15532	(17358,1.0)
15536	(17741,1.0000000000000002)
15536	(17536,1.0)
15539	(16993,1.0000000000000002)
15539	(16733,1.0)
15547	(16232,1.0000000000000002)
15547	(17728,1.0)
15557	(16770,1.0000000000000002)
15557	(16788,1.0)
15567	(17174,1.0000000000000002)
15567	(16986,1.0)
15568	(16444,1.0000000000000002)
15568	(16286,1.0)
15576	(16169,1.0000000000000002)
15576	(15820,1.0)
15582	(16082,1.0000000000000002)
15582	(16169,1.0)
15592	(16606,1.0000000000000002)
15592	(16788,1.0)
15610	(17741,1.0000000000000002)
15610	(16286,1.0)
15629	(15915,1.0000000000000002)
15629	(17087,1.0)
15632	(16889,1.0000000000000002)
15632	(16606,1.0)
15648	(16889,1.0000000000000002)
15648	(16545,1.0)
15657	(15816,1.0000000000000002)
15657	(16788,1.0)
15661	(17324,1.0000000000000002)
15661	(16707,1.0)
15662	(16082,1.0000000000000002)
15662	(15816,1.0)
15670	(17020,1.0000000000000002)
15670	(16344,1.0)
15676	(17706,1.0000000000000002)
15676	(16889,1.0)
15687	(15982,1.0000000000000002)
15687	(17334,1.0)
15691	(16707,1.0000000000000002)
15691	(15982,1.0)
15695	(16477,1.0000000000000002)
15695	(16001,1.0)
15707	(16788,1.0000000000000002)
15707	(17174,1.0)
15712	(16606,1.0000000000000002)
15712	(17324,1.0)
15714	(15961,1.0000000000000002)
15714	(15741,1.0)
15716	(15830,1.0000000000000002)
15716	(16231,1.0)
15726	(16790,1.0000000000000002)
15726	(16506,1.0)
15731	(16790,1.0000000000000002)
15731	(16869,1.0)
15741	(17358,1.0000000000000002)
15741	(16232,1.0)
15754	(17324,1.0000000000000002)
15754	(16169,1.0)
15763	(16559,1.0000000000000002)
15763	(17689,1.0)
15772	(16150,1.0000000000000002)
15772	(17068,1.0)
15785	(16082,1.0000000000000002)
15785	(15992,1.0)
15808	(17411,1.0000000000000002)
15808	(17324,1.0)
15809	(16444,1.0000000000000002)
15809	(16986,1.0)
15816	(16286,1.0000000000000002)
15816	(17358,1.0)
15820	(17741,1.0000000000000002)
15820	(16169,1.0)
15830	(16606,1.0000000000000002)
15830	(16788,1.0)
15836	(16082,1.0000000000000002)
15836	(17624,1.0)
15841	(17742,1.0000000000000002)
15841	(17358,1.0)
15842	(17742,1.0000000000000002)
15842	(16726,1.0)
15855	(16082,1.0000000000000002)
15855	(16082,1.0)
15911	(16788,1.0000000000000002)
15911	(16555,1.0)
15915	(17137,1.0000000000000002)
15915	(16157,1.0)
15929	(17411,1.0000000000000002)
15929	(16889,1.0)
15946	(17174,1.0000000000000002)
15946	(17020,1.0)
15951	(17107,1.0000000000000002)
15951	(16916,1.0)
15955	(16150,1.0000000000000002)
15955	(16344,1.0)
15961	(16150,1.0000000000000002)
15961	(16948,1.0)
15962	(17203,1.0000000000000002)
15962	(16788,1.0)
15981	(16787,1.0000000000000002)
15981	(16770,1.0)
15982	(16606,1.0000000000000002)
15982	(17654,1.0)
15992	(17642,1.0000000000000002)
15992	(16788,1.0)
15993	(16629,1.0000000000000002)
15993	(16663,1.0)
15998	(16784,1.0000000000000002)
15998	(16790,1.0)
16000	(16784,1.0000000000000002)
16000	(16784,1.0)
16001	(16613,1.0000000000000002)
16001	(17310,1.0)
16018	(16613,1.0000000000000002)
16018	(16169,1.0)
16021	(16286,1.0000000000000002)
16021	(16169,1.0)
16022	(17725,1.0000000000000002)
16022	(17085,1.0)
16035	(16232,1.0000000000000002)
16035	(17174,1.0)
16042	(16232,1.0000000000000002)
16042	(17454,1.0)
16046	(16770,1.0000000000000002)
16046	(16262,1.0)
16055	(16770,1.0000000000000002)
16055	(16150,1.0)
16066	(16770,1.0000000000000002)
16066	(16082,1.0)
16082	(16286,1.0000000000000002)
16082	(17693,1.0)
16091	(16150,1.0000000000000002)
16091	(16262,1.0)
16112	(16157,1.0000000000000002)
16112	(16494,1.0)
16120	(16135,1.0000000000000002)
16120	(16970,1.0)
16122	(16606,1.0000000000000002)
16122	(16444,1.0)
16127	(16928,1.0000000000000002)
16127	(17523,1.0)
16129	(16494,1.0000000000000002)
16129	(16311,1.0)
16131	(17304,1.0000000000000002)
16131	(17423,1.0)
16132	(16410,1.0000000000000002)
16132	(16262,1.0)
16135	(17725,1.0000000000000002)
16135	(17561,1.0)
16147	(17324,1.0000000000000002)
16147	(16948,1.0)
16150	(17324,1.0000000000000002)
16150	(16286,1.0)
16153	(16286,1.0000000000000002)
16153	(16286,1.0)
16157	(16286,1.0000000000000002)
16157	(16869,1.0)
16162	(17693,1.0000000000000002)
16162	(17454,1.0)
16169	(16948,1.0000000000000002)
16169	(17324,1.0)
16188	(16787,1.0000000000000002)
16188	(17693,1.0)
16231	(16232,1.0000000000000002)
16231	(17654,1.0)
16232	(16790,1.0000000000000002)
16232	(16572,1.0)
16243	(17082,1.0000000000000002)
16243	(16262,1.0)
16246	(16286,1.0000000000000002)
16246	(16869,1.0)
16247	(16986,1.0000000000000002)
16247	(16770,1.0)
16252	(16770,1.0000000000000002)
16252	(16970,1.0)
16256	(16770,1.0000000000000002)
16256	(16540,1.0)
16262	(16970,1.0000000000000002)
16262	(17654,1.0)
16277	(17082,1.0000000000000002)
16277	(16931,1.0)
16283	(17104,1.0000000000000002)
16283	(16286,1.0)
16286	(17174,1.0000000000000002)
16286	(16948,1.0)
16300	(16707,1.0000000000000002)
16300	(16705,1.0)
16311	(16545,1.0000000000000002)
16311	(17411,1.0)
16329	(17423,1.0000000000000002)
16329	(16948,1.0)
16335	(16572,1.0000000000000002)
16335	(16982,1.0)
16342	(16849,1.0000000000000002)
16342	(16629,1.0)
16344	(16572,1.0000000000000002)
16344	(17358,1.0)
16349	(17653,1.0000000000000002)
16349	(16707,1.0)
16396	(17056,1.0000000000000002)
16396	(17411,1.0)
16398	(16422,1.0000000000000002)
16398	(16705,1.0)
16408	(16422,1.0000000000000002)
16408	(16559,1.0)
16410	(16422,1.0000000000000002)
16410	(16950,1.0)
16422	(16545,1.0000000000000002)
16422	(16869,1.0)
16444	(17654,1.0000000000000002)
16444	(17324,1.0)
16451	(17654,1.0000000000000002)
16451	(17574,1.0)
16456	(16563,1.0000000000000002)
16456	(16975,1.0)
16467	(16563,1.0000000000000002)
16467	(17358,1.0)
16477	(16563,1.0000000000000002)
16477	(16889,1.0)
16488	(16563,1.0000000000000002)
16488	(16784,1.0)
16494	(17624,1.0000000000000002)
16494	(17182,1.0)
16506	(17624,1.0000000000000002)
16506	(16788,1.0)
16540	(17624,1.0000000000000002)
16540	(16572,1.0)
16545	(17624,1.0000000000000002)
16545	(16970,1.0)
16554	(17624,1.0000000000000002)
16554	(16559,1.0)
16555	(17624,1.0000000000000002)
16555	(16955,1.0)
16559	(17324,1.0000000000000002)
16559	(17574,1.0)
16563	(17411,1.0000000000000002)
16563	(16790,1.0)
16572	(17558,1.0000000000000002)
16572	(17466,1.0)
16576	(17558,1.0000000000000002)
16576	(16784,1.0)
16589	(16606,1.0000000000000002)
16589	(17653,1.0)
16599	(16606,1.0000000000000002)
16599	(16707,1.0)
16606	(17290,1.0000000000000002)
16606	(17085,1.0)
16613	(17290,1.0000000000000002)
16613	(17741,1.0)
16627	(17290,1.0000000000000002)
16627	(17423,1.0)
16629	(17653,1.0000000000000002)
16629	(17635,1.0)
16663	(16869,1.0000000000000002)
16663	(17310,1.0)
16670	(17324,1.0000000000000002)
16670	(17290,1.0)
16685	(16869,1.0000000000000002)
16685	(16986,1.0)
16689	(16784,1.0000000000000002)
16689	(17174,1.0)
16705	(17466,1.0000000000000002)
16705	(17693,1.0)
16707	(17104,1.0000000000000002)
16707	(16784,1.0)
16726	(17551,1.0000000000000002)
16726	(16948,1.0)
16731	(17558,1.0000000000000002)
16731	(17558,1.0)
16733	(17423,1.0000000000000002)
16733	(17561,1.0)
16741	(17693,1.0000000000000002)
16741	(17624,1.0)
16761	(17693,1.0000000000000002)
16761	(17728,1.0)
16762	(16889,1.0000000000000002)
16762	(16889,1.0)
16770	(16948,1.0000000000000002)
16770	(16788,1.0)
16784	(17324,1.0000000000000002)
16784	(16970,1.0)
16787	(17202,1.0000000000000002)
16787	(16869,1.0)
16788	(17558,1.0000000000000002)
16788	(17324,1.0)
16790	(16931,1.0000000000000002)
16790	(17358,1.0)
16797	(17324,1.0000000000000002)
16797	(17348,1.0)
16820	(17561,1.0000000000000002)
16820	(16889,1.0)
16830	(17561,1.0000000000000002)
16830	(17104,1.0)
16849	(17085,1.0000000000000002)
16849	(17522,1.0)
16854	(17085,1.0000000000000002)
16854	(17334,1.0)
16869	(17324,1.0000000000000002)
16869	(17324,1.0)
16889	(17411,1.0000000000000002)
16889	(17411,1.0)
16902	(17411,1.0000000000000002)
16902	(17558,1.0)
16904	(17411,1.0000000000000002)
16904	(17536,1.0)
16906	(17411,1.0000000000000002)
16906	(16948,1.0)
16915	(17411,1.0000000000000002)
16915	(17534,1.0)
16916	(17411,1.0000000000000002)
16916	(17693,1.0)
16928	(17642,1.0000000000000002)
16928	(17574,1.0)
16931	(16970,1.0000000000000002)
16931	(16970,1.0)
16933	(16970,1.0000000000000002)
16933	(17411,1.0)
16948	(17411,1.0000000000000002)
16948	(17324,1.0)
16950	(17411,1.0000000000000002)
16950	(17654,1.0)
16955	(17411,1.0000000000000002)
16955	(17654,1.0)
16970	(16975,1.0000000000000002)
16970	(17348,1.0)
16975	(17624,1.0000000000000002)
16975	(16986,1.0)
16982	(17653,1.0000000000000002)
16982	(17203,1.0)
16986	(17324,1.0000000000000002)
16986	(17725,1.0)
16988	(17324,1.0000000000000002)
16988	(17358,1.0)
16993	(17324,1.0000000000000002)
16993	(17626,1.0)
16996	(17324,1.0000000000000002)
16996	(17174,1.0)
16999	(17324,1.0000000000000002)
16999	(17411,1.0)
17020	(17174,1.0000000000000002)
17020	(17466,1.0)
17056	(17174,1.0000000000000002)
17056	(17574,1.0)
17065	(17174,1.0000000000000002)
17065	(17202,1.0)
17068	(17394,1.0000000000000002)
17068	(17107,1.0)
17074	(17394,1.0000000000000002)
17074	(17725,1.0)
17082	(17394,1.0000000000000002)
17082	(17394,1.0)
17085	(17653,1.0000000000000002)
17085	(17466,1.0)
17087	(17653,1.0000000000000002)
17087	(17558,1.0)
17090	(17653,1.0000000000000002)
17090	(17411,1.0)
17104	(17693,1.0000000000000002)
17104	(17324,1.0)
17107	(17693,1.0000000000000002)
17107	(17423,1.0)
17124	(17554,1.0000000000000002)
17124	(17558,1.0)
17137	(17558,1.0000000000000002)
17137	(17693,1.0)
17174	(17725,1.0000000000000002)
17174	(17654,1.0)
17182	(17310,1.0000000000000002)
17182	(17640,1.0)
17196	(17358,1.0000000000000002)
17196	(17558,1.0)
17202	(17358,1.0000000000000002)
17202	(17554,1.0)
17203	(17558,1.0000000000000002)
17203	(17324,1.0)
17232	(17558,1.0000000000000002)
17232	(17423,1.0)
17255	(17423,1.0000000000000002)
17255	(17635,1.0)
17290	(17447,1.0000000000000002)
17290	(17358,1.0)
17304	(17725,1.0000000000000002)
17304	(17348,1.0)
17310	(17725,1.0000000000000002)
17310	(17741,1.0)
17324	(17624,1.0000000000000002)
17324	(17358,1.0)
17326	(17653,1.0000000000000002)
17326	(17466,1.0)
17334	(17522,1.0000000000000002)
17334	(17338,1.0)
17337	(17522,1.0000000000000002)
17337	(17642,1.0)
17338	(17411,1.0000000000000002)
17338	(17466,1.0)
17344	(17411,1.0000000000000002)
17344	(17574,1.0)
17348	(17522,1.0000000000000002)
17348	(17423,1.0)
17358	(17423,1.0000000000000002)
17358	(17574,1.0)
17394	(17423,1.0000000000000002)
17394	(17466,1.0)
17411	(17642,1.0000000000000002)
17411	(17522,1.0)
17423	(17574,1.0000000000000002)
17423	(17522,1.0)
17447	(17574,1.0000000000000002)
17447	(17558,1.0)
17454	(17574,1.0000000000000002)
17454	(17706,1.0)
17466	(17574,1.0000000000000002)
17466	(17554,1.0)
17515	(17574,1.0000000000000002)
17515	(17693,1.0)
17522	(17650,1.0000000000000002)
17522	(17536,1.0)
17523	(17650,1.0000000000000002)
17523	(17561,1.0)
17534	(17650,1.0000000000000002)
17534	(17558,1.0)
17536	(17574,1.0000000000000002)
17536	(17561,1.0)
17551	(17574,1.0000000000000002)
17551	(17556,1.0)
17554	(17574,1.0000000000000002)
17554	(17624,1.0)
17556	(17742,1.0000000000000002)
17556	(17558,1.0)
17558	(17642,1.0000000000000002)
17558	(17574,1.0)
17561	(17742,1.0000000000000002)
17561	(17642,1.0)
17574	(17693,1.0000000000000002)
17574	(17742,1.0)
17616	(17624,1.0000000000000002)
17616	(17650,1.0)
17624	(17693,1.0000000000000002)
17624	(17654,1.0)
17626	(17693,1.0000000000000002)
17626	(17734,1.0)
17635	(17693,1.0000000000000002)
17635	(17693,1.0)
17640	(17693,1.0000000000000002)
17640	(17725,1.0)
17642	(17693,1.0000000000000002)
17642	(17734,1.0)
17650	(17693,1.0000000000000002)
17650	(17653,1.0)
17653	(17693,1.0000000000000002)
17653	(17693,1.0)
17654	(17693,1.0000000000000002)
17654	(17741,1.0)
17660	(17693,1.0000000000000002)
17660	(17693,1.0)
17689	(17693,1.0000000000000002)
17689	(17742,1.0)
17693	(17693,1.0000000000000002)
17693	(17706,1.0)
17706	(17693,1.0000000000000002)
17706	(17728,1.0)
17725	(17693,1.0000000000000002)
17725	(17741,1.0)
17728	(17693,1.0000000000000002)
17728	(17734,1.0)
17734	(17693,1.0000000000000002)
17734	(17741,1.0)
